023406156015ef87f99521f3b343f71f	,0,0,0,0,1,0,0,3,0,0,1,1,0,0,0,0,0,3,0,0,2,2,0,0,0,0,2,2,1,5,8,5,8,4,12,14,7,8,10,15,6,7,7,4,6,6,17,8,7,13,10,19,5,10,11,7,8,4,7,5,3,7,8,2,6,8,5,5,4,6,2,6,9,4,5,7,3,7,5,7,5,2,3,3,2,7,4,4,13,9,7,12,4,6,4,11,5,4,2,2,3,4,4,3,4,2,7,2,4,7,8,5,3,7,9,6,2,11,4,4,4,6,9,9,3,8,2,5,9,6,2,10,5,0,7,7,5,7,7,12,3,2,3,9,13,2,10,8,6,4,3,11,3,6,7,7,6,5,3,4,1,5,7,12,5,7,8,11,6,2,4,8,3,4,10,11,5,8,4,4,4,11,9
025943df23acf5d3863b35fa6e0d79ec	,0,0,0,0,0,0,0,0,0,0,0,0,2,1,0,0,1,1,0,0,0,0,0,0,0,1,0,3,2,1,2,3,1,4,0,3,2,2,3,2,2,18,11,8,6,12,2,3,2,15,5,4,6,2,1,3,5,8,10,5,5,6,5,5,6,3,9,2,3,3,9,2,4,10,4,4,8,3,5,9,9,8,3,4,5,3,6,3,2,6,1,6,0,3,3,1,6,5,10,4,8,13,1,1,2,4,15,5,4,6,5,3,6,8,6,8,6,8,11,3,4,8,10,6,6,2,2,3,5,13,5,0,4,3,1,7,3,2,4,1,13,4,5,5,4,4,2,6,10,7,1,5,11,9,6,7,3,4,11,4,9,3,5,7,8,6,7,10,4,3,6,6,9,9,6,3,4,7,7,6,3,9,6
03c6699ea836decbc5c8fc2dbae7bd3b	,1,0,0,3,3,2,0,1,0,0,2,0,1,2,3,0,0,2,1,5,3,3,0,0,1,2,8,6,14,5,28,20,9,13,18,34,20,13,26,7,13,12,12,10,10,6,13,10,3,9,3,1,7,7,2,5,12,5,13,7,4,10,8,6,26,11,4,0,5,5,2,3,4,4,3,5,4,10,7,8,2,6,5,7,21,5,6,2,2,1,2,7,6,0,9,8,21,5,4,8,7,7,20,1,4,1,5,7,2,5,6,9,4,15,2,2,10,8,3,5,3,2,8,9,5,3,4,2,3,12,3,1,5,2,2,6,7,6,5,2,1,6,12,5,4,9,5,6,5,15,4,6,17,10,6,7,1,5,3,3,2,7,8,8,12,15,5,1,10,27,12,6,5,12,10,4,5,3,11,7,2,5,7
099cd99056bf92e5f0e384465890a804	,0,2,0,0,2,0,7,1,2,0,0,1,0,2,2,0,1,0,1,1,4,2,0,1,1,1,4,6,5,13,7,8,15,11,10,27,9,9,11,10,13,17,14,24,21,16,24,11,17,21,15,15,13,13,13,32,11,10,13,14,23,16,12,17,12,13,12,19,11,11,22,14,11,11,11,14,15,17,20,20,12,19,15,8,17,21,11,15,17,15,13,10,16,13,8,19,7,10,12,11,16,15,26,10,17,24,11,15,11,14,12,19,13,17,14,26,8,7,19,19,20,22,13,23,16,10,23,14,11,20,49,43,26,27,13,16,17,17,18,17,19,16,119,94,21,19,19,23,25,35,14,32,21,20,24,27,15,15,21,15,13,27,22,16,18,12,11,15,19,23,13,24,24,22,20,18,19,21,21,39,21,19,19
0c80008b0a28d356026f4b1097041689	,0,0,2,0,1,0,0,0,1,0,0,1,1,0,1,0,0,0,0,0,0,0,1,0,0,0,1,2,2,2,7,7,4,3,5,6,7,6,5,8,5,9,2,7,4,6,4,3,3,14,7,5,12,13,6,7,10,10,6,7,2,3,4,5,7,7,4,9,11,7,11,9,2,4,9,3,6,8,9,10,6,6,2,12,6,5,4,8,5,10,7,5,8,10,5,8,4,7,8,9,9,7,1,5,10,12,12,8,7,7,4,5,4,8,10,10,6,9,4,11,5,6,5,6,8,11,9,8,9,7,4,13,5,8,11,8,10,4,11,9,5,4,8,7,3,16,4,4,8,8,10,6,6,12,3,16,2,8,6,6,6,10,3,6,15,9,5,13,11,12,6,10,10,11,7,6,6,5,6,7,4,6,9
1339f978614ff19cd48f07e5420556d4	,0,0,0,0,0,0,0,0,0,0,0,0,0,0,0,0,0,1,0,0,0,1,0,0,1,0,0,0,0,1,1,2,1,3,1,0,1,0,0,1,2,2,1,2,3,2,5,1,2,3,0,2,2,0,7,3,4,3,1,0,0,2,3,0,1,2,4,1,0,0,0,4,0,0,3,1,2,4,0,0,0,1,2,3,0,3,2,3,4,1,5,3,1,1,0,1,0,1,6,2,2,1,3,1,3,3,4,0,2,1,5,3,14,2,3,2,1,3,2,5,4,2,1,1,4,0,3,3,4,2,2,2,4,3,2,5,1,5,0,3,2,1,2,3,0,0,2,2,1,2,2,2,2,2,8,2,4,0,0,4,3,0,1,1,1,1,2,0,6,7,1,1,4,3,1,3,1,1,3,1,0,1,1
14c4faf6682ac1bb86d346d9a2a1f8e3	,0,0,0,0,0,0,10,5,0,2,0,0,0,1,0,2,0,1,0,0,7,0,1,2,1,0,1,3,7,5,6,7,15,11,9,7,59,5,8,15,8,15,12,11,8,7,8,10,13,18,27,13,18,17,20,9,9,13,29,13,7,33,14,7,17,13,21,13,4,13,17,15,15,32,12,13,7,44,18,20,15,13,19,11,10,44,2,13,15,25,7,20,18,26,8,15,2,38,48,7,13,14,16,6,34,17,9,15,7,8,13,6,16,18,19,12,8,13,21,6,17,37,8,26,17,23,30,20,15,22,16,7,20,14,12,14,8,21,18,24,18,26,17,19,24,18,17,15,9,5,28,26,7,17,7,48,29,13,12,13,41,30,41,15,27,23,27,30,17,14,8,14,26,14,32,16,34,32,47,16,24,53,28
1731019fbaa825714d5f8e61ad1bb7ff	,0,0,1,0,0,0,0,0,0,0,0,0,1,0,1,0,2,0,0,0,0,1,1,1,1,0,5,4,2,8,3,4,2,5,6,20,9,6,1,3,2,1,8,7,7,3,9,9,7,8,4,4,2,3,11,5,5,2,1,3,3,3,8,7,3,2,4,0,4,4,9,4,8,7,2,2,2,8,4,2,4,8,4,4,0,4,9,3,5,9,4,7,5,7,5,13,7,7,10,5,4,3,5,2,2,6,6,4,4,7,0,5,7,1,2,10,6,1,4,2,1,2,3,2,7,3,2,2,7,4,5,3,1,13,3,4,7,1,1,4,5,4,7,5,5,9,9,2,3,0,3,2,6,2,9,7,5,13,5,4,4,5,7,6,6,2,6,1,5,5,1,14,6,9,4,1,5,3,6,8,2,5,7
216b280870f6d2181e11b6a428aa84a7	,0,1,0,0,0,0,0,0,0,0,0,2,0,0,0,0,0,1,0,1,0,0,0,0,0,0,1,2,0,0,5,6,2,10,6,5,3,1,1,4,6,2,3,7,2,2,2,1,2,4,3,0,2,2,1,1,3,4,5,2,4,0,9,2,0,2,2,4,3,4,2,2,0,1,1,1,0,5,1,4,1,2,3,1,1,3,2,0,1,1,1,1,0,3,1,2,3,9,1,3,3,0,0,3,1,0,0,1,0,5,6,0,0,1,0,2,6,3,5,2,1,2,0,3,3,2,2,1,2,2,3,7,1,8,1,6,3,1,2,1,0,0,2,1,1,2,0,2,0,3,1,9,4,0,0,0,6,1,1,3,4,0,2,3,3,3,0,0,1,3,1,5,2,1,1,3,2,4,0,4,2,5,1
25739ad1c56a511fcac86018ac4e49bb	,1,1,0,0,0,0,0,0,0,0,0,0,0,0,0,0,0,0,0,0,0,0,0,0,0,0,1,2,0,1,1,0,0,0,2,0,0,1,1,0,2,2,1,0,1,5,0,1,1,2,0,0,1,2,3,1,1,2,1,0,2,1,1,0,0,0,2,3,3,3,0,0,0,6,5,1,3,0,2,3,0,0,3,2,2,1,3,3,3,3,1,2,1,2,4,1,2,0,1,1,2,3,11,1,4,1,2,4,3,3,2,3,0,2,5,6,1,1,2,1,4,2,5,7,4,3,2,1,2,1,2,3,6,2,1,3,4,2,2,3,4,3,2,0,2,2,3,0,3,1,2,2,9,3,7,4,4,0,4,2,4,5,1,3,0,2,1,2,6,5,6,4,2,2,0,2,2,9,3,8,1,2,3
28e32be6ba67e0c6fdfdff80ce07dfd4	,0,0,0,0,0,0,0,0,1,0,2,0,1,1,0,0,0,0,0,0,1,0,0,0,0,0,1,0,1,0,2,5,5,2,3,2,2,5,3,1,1,2,2,3,1,1,3,3,3,7,0,2,3,5,3,3,1,5,6,3,2,4,5,5,2,1,5,8,3,2,2,3,10,0,4,0,3,2,3,0,6,5,7,5,3,3,3,4,1,4,5,2,1,4,1,3,1,3,5,1,0,5,8,4,1,0,1,5,6,3,4,6,4,0,2,9,4,3,3,3,6,5,3,2,4,0,5,5,5,7,2,2,5,4,3,3,10,3,3,6,2,10,5,1,3,5,1,3,7,2,7,3,5,3,7,7,4,13,4,3,0,2,4,3,4,1,2,5,4,5,1,4,1,1,0,3,2,0,3,3,3,1,2
2b7fedeea967becd9408b896de8ff903	,0,0,0,0,0,0,0,0,0,0,0,0,0,0,0,0,0,0,0,0,0,0,0,0,0,0,0,0,0,0,0,0,0,1,0,0,0,0,0,0,1,1,0,0,0,1,0,0,0,0,0,0,0,1,0,0,0,0,0,0,0,0,0,0,1,0,0,0,0,0,0,0,0,1,0,0,0,0,0,0,0,0,0,0,0,0,0,0,0,0,0,0,0,0,0,0,0,0,0,0,0,0,0,0,0,0,0,0,0,0,0,0,0,0,0,0,0,0,0,0,0,0,0,0,0,0,0,0,0,0,0,0,0,0,0,0,1,0,0,0,0,0,0,0,0,0,0,0,0,0,0,0,0,0,0,0,0,0,0,0,0,0,0,0,0,0,0,0,0,0,0,0,0,1,0,0,0,0,0,0,0,0,0
2bc52f5bde454d69ea3d99a482e74741	,0,0,0,0,0,0,0,0,0,0,0,0,0,0,0,0,0,0,0,0,0,0,0,0,0,0,0,0,1,2,0,1,1,0,0,0,1,1,0,1,0,0,1,0,3,0,1,1,2,1,0,2,0,0,0,2,1,0,0,0,2,1,0,0,1,0,1,1,0,0,0,0,2,0,0,0,0,0,0,0,0,1,0,0,7,2,0,0,0,0,1,0,1,0,1,1,0,0,1,0,1,0,2,2,0,0,1,0,2,0,1,1,0,1,0,0,0,1,0,0,0,0,1,1,0,0,1,0,1,0,1,0,0,1,0,1,0,0,0,0,0,0,3,3,0,0,0,1,0,0,0,1,1,1,1,0,0,1,0,0,3,1,0,1,0,1,1,0,0,2,0,0,3,1,0,1,0,0,2,0,0,0,0
2e14d32266ee6b4678595f8f50c369ac	,0,0,0,0,1,4,0,2,1,3,3,2,0,2,3,1,1,2,1,2,1,11,2,1,2,1,0,8,5,29,42,22,14,13,36,21,26,33,13,21,18,15,30,12,34,15,18,25,15,28,20,11,19,16,21,20,18,21,25,22,11,17,16,12,17,20,13,11,17,18,34,14,26,25,31,18,25,33,27,23,22,26,25,32,30,25,15,19,32,23,12,21,22,15,23,20,21,21,25,18,20,19,16,21,20,25,43,21,12,21,8,30,31,40,69,28,41,18,27,29,11,10,14,15,24,18,19,19,34,29,18,17,23,18,31,29,21,26,23,39,21,25,18,20,25,32,19,55,22,22,19,27,28,34,25,22,20,22,24,65,35,25,27,25,16,25,34,35,17,25,39,20,21,44,30,24,18,25,23,24,23,29,28
2ec1450a1389d4e3fc2a9a76c9378bb3	,0,1,0,1,1,0,0,0,0,0,0,0,4,2,5,0,1,0,0,0,0,0,1,1,1,0,3,5,6,6,4,9,14,7,6,6,6,6,8,8,10,7,5,4,14,10,5,13,12,9,4,8,4,7,6,6,7,7,8,2,5,5,10,10,10,7,4,14,23,6,10,5,5,8,7,9,10,8,2,12,4,2,9,7,11,4,3,2,4,3,5,5,9,5,5,3,3,4,5,12,5,1,2,8,8,9,10,4,5,3,5,12,4,5,12,3,6,5,7,7,2,2,5,7,4,5,4,8,4,13,10,6,5,5,7,4,8,2,4,5,8,3,6,5,8,8,6,4,4,6,1,3,9,6,9,7,7,9,12,12,9,8,4,9,11,14,13,5,39,3,4,10,13,5,6,6,8,7,8,7,8,5,7
2fe53ff8830b95d458af9ddd77fa5ffa	,0,0,0,1,0,2,1,0,0,1,0,0,0,1,0,0,1,1,0,1,1,0,2,0,1,0,0,1,5,3,2,9,8,4,8,14,16,7,7,4,5,33,13,5,6,4,5,8,9,10,4,5,3,4,2,8,13,10,2,6,9,6,3,10,6,4,1,6,6,11,9,8,6,7,10,15,9,7,8,4,6,3,6,9,9,6,8,11,5,11,4,5,7,11,14,7,2,5,12,2,15,7,4,3,4,11,6,10,6,5,9,11,11,11,10,8,6,9,12,12,5,9,7,5,5,6,7,5,4,12,13,6,8,10,9,6,6,9,6,7,7,15,8,12,11,11,3,4,6,8,5,5,3,7,7,11,7,7,6,7,7,13,5,14,9,9,8,6,12,8,9,9,13,10,17,16,6,17,7,19,9,12,13
300dde62b988fc83eb6dba1b702e9af3	,3,0,4,10,2,8,2,3,3,2,10,5,1,4,1,2,5,9,2,0,11,9,7,4,13,4,9,13,25,33,44,36,41,25,106,63,55,37,36,90,45,58,56,35,60,42,46,59,26,126,38,46,43,63,30,41,63,56,97,76,107,94,58,94,35,75,58,52,65,52,90,56,51,40,49,44,50,55,174,96,99,94,100,113,97,70,48,67,71,60,47,72,131,47,49,56,76,80,53,67,47,47,55,48,63,53,72,57,66,39,45,64,69,71,38,60,138,47,37,66,46,49,65,53,51,57,30,63,45,60,41,60,50,77,47,46,79,61,115,56,74,73,88,62,98,45,64,64,63,63,53,42,68,81,102,71,61,54,56,42,45,35,54,108,60,56,70,56,61,60,32,52,70,49,50,71,64,38,27,34,52,75,59
3229ed9301ae8d36536ddcd783529dd6	,0,0,0,0,0,0,0,0,0,0,2,1,0,0,0,0,1,0,0,0,0,0,2,0,1,0,0,2,2,0,3,3,0,0,4,4,1,0,0,3,2,4,1,2,3,3,0,1,1,1,4,3,0,7,1,4,3,3,3,6,5,4,3,6,2,6,0,5,4,3,1,0,4,2,3,2,5,7,3,4,2,4,4,5,2,1,2,4,2,1,2,4,2,7,4,3,4,5,2,1,2,0,2,6,4,2,2,4,1,0,11,4,4,6,4,8,9,7,4,4,3,3,5,5,7,5,5,0,2,5,2,3,5,3,3,3,8,2,6,0,2,1,0,4,4,1,2,3,2,5,5,7,8,5,7,19,4,0,5,2,4,3,2,2,2,3,7,6,4,3,5,2,7,1,4,5,4,3,9,3,8,4,6
33fd0a2cfcfd24e114707bba71ca1de9	,0,0,2,0,0,1,0,0,0,0,0,0,1,0,1,0,2,0,0,0,0,0,0,0,1,0,1,1,0,2,0,5,2,2,0,1,6,1,1,0,0,6,2,1,1,2,5,5,2,8,3,2,5,5,3,3,4,5,2,3,0,9,3,6,5,6,3,2,2,3,4,5,4,1,3,11,9,10,6,6,1,4,3,3,6,4,1,6,0,6,11,4,1,3,1,3,1,5,4,9,4,8,4,2,3,5,4,5,5,4,3,2,4,3,3,0,4,2,8,6,4,3,2,3,0,6,3,3,3,6,4,2,6,6,6,5,5,6,4,4,3,2,3,7,4,8,1,4,5,7,3,4,4,3,2,3,4,3,4,4,4,2,3,15,5,10,2,4,5,7,4,7,5,9,5,2,3,2,8,7,8,2,10
34bc4bc49a725f2686a5cf9c89985798	,2,1,0,1,0,0,0,0,0,0,0,0,0,0,0,0,0,1,0,0,1,0,0,0,0,0,1,1,0,0,3,0,0,1,4,1,1,4,4,1,1,1,3,2,0,2,4,0,4,1,3,0,0,0,2,4,1,2,3,1,0,1,3,4,3,1,3,1,1,1,3,0,3,4,3,4,5,6,1,0,4,2,1,1,2,1,3,2,3,2,8,2,2,5,2,1,1,3,1,0,2,0,2,2,2,5,1,3,5,3,1,3,2,1,3,2,3,0,1,5,1,4,2,2,2,7,2,4,5,4,2,0,2,1,1,6,2,1,5,7,0,4,1,2,1,6,7,3,4,5,4,3,3,6,4,1,5,1,1,0,9,3,2,5,6,7,1,7,1,4,3,4,3,0,3,2,4,4,6,4,6,6,7
3964ee41d4e2ade1957a9135afe1b8dc	,0,0,0,1,0,1,0,0,0,0,0,0,0,0,0,0,0,0,0,0,0,1,0,2,0,1,0,3,4,4,4,3,3,2,6,8,5,4,6,6,6,3,5,7,7,8,6,6,9,8,7,8,7,2,25,12,12,10,11,8,7,12,16,6,6,10,7,9,9,11,15,8,5,6,7,13,8,14,5,3,8,9,7,9,13,13,10,20,23,9,12,16,12,9,10,26,18,9,11,7,16,2,8,4,10,8,7,10,10,8,8,13,9,9,6,8,8,5,12,16,9,15,9,4,10,1,8,9,14,9,10,3,10,10,3,12,7,9,4,13,4,14,7,9,10,12,6,7,10,6,11,7,5,11,11,4,13,12,14,10,4,7,4,12,8,7,8,12,5,19,13,20,11,10,13,27,10,6,9,12,16,20,10
3e395c6b799d3d8cb7cd501b4503b536	,0,1,0,0,1,0,0,0,1,0,0,1,1,0,1,0,0,0,0,1,0,0,0,0,1,1,0,1,3,3,5,9,4,7,7,9,10,12,14,11,8,8,11,8,8,7,10,9,5,9,8,7,10,5,15,5,3,13,6,5,8,7,4,0,8,2,5,4,11,5,7,4,8,14,15,19,8,6,9,4,5,10,17,5,8,7,6,3,4,2,7,6,11,7,10,4,11,6,6,6,14,9,5,9,10,6,8,9,27,12,10,13,13,4,1,10,9,5,6,12,18,12,11,30,28,28,40,8,6,6,9,19,6,9,40,24,8,10,14,18,8,4,6,10,3,5,1,8,6,12,4,10,2,4,4,12,9,15,13,10,25,26,20,14,6,7,17,13,9,2,9,7,3,6,7,11,8,19,7,6,8,3,7
3e7fdf37b2930d7804651b590ed02e72	,0,0,0,0,0,0,0,0,0,0,0,0,1,0,0,2,0,0,0,2,0,0,0,0,1,2,0,1,4,2,7,4,18,5,3,6,7,15,4,5,7,7,4,4,8,3,4,6,3,7,9,10,4,7,1,8,10,11,16,3,6,8,7,11,3,8,5,10,8,13,8,7,8,4,7,5,5,7,7,12,2,7,3,3,9,5,2,4,4,7,7,9,3,5,3,12,5,8,7,4,1,8,12,4,2,7,6,3,4,6,6,21,3,4,9,5,9,7,10,5,9,8,7,8,14,12,9,3,6,5,7,10,4,13,6,8,9,8,9,6,8,4,1,10,6,5,4,7,6,3,7,9,9,5,9,11,7,3,5,10,10,5,7,8,15,6,15,10,6,11,20,16,13,15,4,8,9,10,7,9,9,4,6
40bbb0da5570702dd6ff3af5e9e3aea6	,0,0,0,0,0,0,1,0,1,1,1,0,0,0,2,0,2,0,2,2,0,0,0,1,1,0,1,1,0,4,12,7,12,10,6,8,12,10,7,7,8,7,8,10,4,11,16,5,10,7,6,6,20,8,2,6,7,9,11,4,6,6,11,4,5,12,10,12,3,8,14,4,14,6,14,10,15,9,9,1,4,13,5,14,8,6,8,5,9,4,7,8,8,7,10,8,6,13,10,14,10,5,7,8,11,3,7,10,3,8,8,5,7,9,12,8,10,6,8,6,10,8,10,12,4,9,8,19,7,13,16,10,10,14,12,12,6,9,4,4,7,10,12,9,8,9,6,12,5,13,7,13,7,16,7,10,14,11,10,9,10,7,7,9,12,18,15,14,17,12,11,18,12,11,13,8,10,10,13,10,13,14,19
419ed8822ed44d8ee0d991e8686a13bc	,0,0,0,0,1,0,2,1,0,0,0,0,3,0,2,0,0,0,2,0,3,4,1,0,1,1,1,6,1,15,17,16,9,8,13,17,5,13,15,7,27,23,27,10,13,14,17,12,12,10,14,9,21,10,8,14,15,15,10,23,8,12,17,9,8,11,11,15,21,11,15,10,11,13,8,15,22,6,7,11,14,20,12,18,15,10,14,11,8,17,15,14,20,17,23,15,13,14,16,19,17,10,6,12,13,17,7,23,4,11,32,14,12,9,15,17,23,9,22,14,11,16,13,20,18,11,11,16,16,16,21,17,14,16,8,11,14,18,16,26,19,18,10,16,28,12,19,10,17,14,28,16,8,17,12,11,15,20,21,21,23,9,24,10,16,18,13,25,15,21,18,8,17,32,32,12,24,23,23,17,21,12,10
42422dc00b814183c0216d1ed7fb3cd9	,1,2,1,0,0,0,1,0,0,0,0,0,0,0,1,1,3,0,1,1,1,1,2,2,1,1,0,12,4,3,13,21,11,7,13,6,8,2,11,2,18,14,7,11,0,12,7,13,16,11,14,9,14,8,17,10,19,3,16,23,7,8,13,12,10,11,10,12,17,14,15,3,10,7,8,10,10,17,13,13,7,9,11,10,8,14,7,8,17,15,15,16,13,9,10,19,22,20,15,7,7,11,9,16,12,9,16,11,16,8,12,9,10,12,16,12,16,23,10,13,19,16,15,8,12,19,17,10,23,14,16,11,22,12,16,12,10,14,22,22,24,17,16,16,11,11,18,17,14,13,28,17,17,17,22,10,16,17,10,12,14,18,10,20,9,19,13,12,16,15,10,19,16,22,14,11,16,21,14,14,14,22,17
445a257964b9689f115a69e8cc5dcb75	,0,0,0,0,0,0,0,0,0,0,0,0,0,0,0,0,0,0,0,0,0,1,0,0,0,0,0,0,0,0,0,2,0,1,0,0,0,3,2,1,0,1,1,0,0,0,0,0,0,1,2,1,1,3,2,2,2,2,2,1,2,1,73,76,31,6,3,3,4,4,5,1,5,2,2,6,3,1,4,0,2,2,5,0,6,7,1,3,17,13,28,47,30,28,23,10,15,8,11,9,10,9,7,6,7,6,10,8,5,13,3,7,4,6,5,5,5,8,12,4,4,8,3,6,1,8,6,2,4,2,1,6,3,3,3,2,5,5,3,2,26,6,1,5,5,5,9,4,8,5,2,2,1,2,1,3,2,5,5,1,7,7,4,7,3,5,1,1,0,1,9,2,7,3,1,4,3,3,7,0,5,3,4
46b38d9ac2bcde7872e118da0172f38f	,0,0,0,0,0,1,0,0,0,0,1,0,0,0,0,0,0,0,1,0,0,0,0,0,0,0,1,0,0,2,5,7,2,15,10,8,4,9,5,6,11,8,13,13,7,10,3,6,5,11,2,3,6,4,12,9,10,5,8,4,14,5,9,7,8,9,9,10,8,3,12,6,8,16,10,9,7,4,6,8,4,5,14,7,12,5,6,9,7,9,9,10,5,9,13,17,10,8,16,14,12,12,10,7,3,10,9,10,5,12,5,8,15,4,13,6,11,9,6,6,4,6,12,11,9,6,9,9,9,10,15,12,6,15,11,11,9,13,15,14,6,19,13,15,15,13,11,7,8,5,7,5,10,6,5,8,8,11,19,11,8,20,9,13,9,9,5,14,17,15,11,10,13,12,9,7,14,7,16,17,11,13,6
4b46759309d38832471eb326dedcf5c0	,3,1,0,1,0,0,0,0,0,0,1,1,2,4,3,1,2,0,0,2,3,1,3,1,0,3,2,0,8,11,23,16,26,24,46,25,21,17,28,12,29,35,29,24,22,23,23,33,6,20,33,12,26,26,27,12,21,31,28,19,21,26,15,19,14,19,18,29,33,24,29,15,28,21,29,17,17,31,23,21,26,19,24,28,19,30,80,31,14,24,20,30,34,47,44,40,23,21,41,36,35,32,28,37,33,24,26,25,29,23,36,40,33,25,25,30,17,17,25,25,26,26,26,29,32,48,34,31,19,55,26,21,30,12,33,34,29,31,46,25,33,31,27,24,21,18,35,29,39,37,34,30,25,31,38,22,22,35,31,15,25,23,24,24,26,22,25,21,17,35,30,32,33,23,25,38,20,17,36,15,40,34,30
4b8eb68442432c242e9242be040bacf9	,2,1,1,0,0,4,1,2,1,0,3,0,1,1,3,3,4,0,0,0,1,0,5,2,0,0,0,1,5,18,20,35,21,36,46,24,37,27,16,24,14,42,42,17,17,23,17,24,17,46,30,33,32,28,35,27,27,23,15,22,32,31,37,17,36,32,24,28,10,34,63,22,26,29,18,46,58,131,76,49,56,57,74,53,42,41,39,37,28,80,101,48,35,39,31,35,30,32,41,32,21,27,38,29,23,23,34,26,61,60,32,22,34,37,27,25,24,21,29,40,17,38,23,43,29,34,38,38,27,24,23,37,31,28,26,28,32,42,45,28,36,18,22,45,30,23,34,58,31,27,39,44,21,26,34,28,34,33,23,23,27,20,22,30,37,25,39,46,33,28,20,18,30,33,59,23,51,22,36,24,36,34,35
4b9f8083c79247f495c4e54cb4ceb506	,0,0,0,0,1,0,0,0,0,0,0,0,0,1,0,0,0,0,0,0,0,3,0,0,0,0,0,1,0,1,0,2,2,0,2,6,4,3,2,0,2,2,6,1,3,1,3,4,3,6,1,3,3,1,1,0,2,4,2,2,4,4,6,6,0,2,3,3,1,31,3,8,2,1,3,3,3,5,8,2,3,3,1,8,1,2,4,3,1,1,5,6,2,0,4,4,5,2,4,3,2,1,2,3,2,8,2,2,4,2,4,0,8,5,5,6,4,1,1,1,6,3,4,3,3,3,4,1,1,2,1,0,2,4,1,2,1,5,1,5,5,3,5,5,5,3,3,2,0,3,1,7,5,3,4,3,2,1,3,1,1,2,5,5,4,7,4,5,5,6,2,1,3,3,1,6,5,5,5,3,6,3,3
4ee3f9c90101073c99d5440b41f07daa	,0,0,0,0,0,0,0,0,0,0,0,0,0,0,0,0,0,0,0,0,0,0,0,0,0,0,0,0,0,0,2,0,0,0,0,0,0,4,0,0,0,0,0,0,3,0,0,0,0,0,0,0,0,1,1,0,0,0,0,0,2,1,0,0,0,0,1,2,0,0,2,0,0,0,0,0,2,0,1,0,0,0,0,2,0,0,0,0,0,0,0,0,0,1,1,0,1,0,1,1,0,2,0,1,0,0,0,1,0,0,0,1,0,1,0,0,0,0,1,1,0,0,3,2,0,0,1,0,1,0,0,0,0,0,0,4,1,1,0,2,0,0,1,0,0,0,0,0,0,0,0,0,0,0,1,4,0,2,0,1,1,4,0,1,1,3,0,0,0,1,0,1,1,1,0,3,0,2,0,0,0,0,0
4f3f68292e50f39cd8142733512c07d6	,0,0,0,1,1,0,0,0,0,0,0,0,0,0,0,0,0,0,0,0,0,1,1,0,0,0,0,2,4,10,5,3,6,5,13,5,13,5,12,5,3,7,7,6,5,5,13,14,4,10,4,5,5,6,10,9,3,10,6,5,4,7,6,11,6,8,13,9,11,4,6,11,9,10,4,11,5,10,9,13,5,12,17,11,11,3,8,7,12,14,8,2,8,3,6,7,8,9,7,5,16,7,7,5,12,8,6,6,7,6,13,5,9,6,8,7,12,13,4,10,4,12,3,7,2,17,6,6,8,9,8,7,6,8,7,11,5,11,5,10,7,10,4,13,7,6,7,8,8,4,13,11,6,5,9,7,12,6,14,6,3,12,9,15,9,8,8,6,8,8,11,5,9,8,8,10,3,7,17,9,6,14,8
53dd7de874e0999634c28cdd94d21257	,0,0,0,1,0,0,0,0,0,0,0,0,0,1,0,0,0,0,0,0,0,0,1,0,0,0,0,0,0,1,0,1,3,1,0,4,2,4,0,1,1,1,1,4,1,6,0,1,1,2,3,0,2,1,4,1,3,1,2,1,3,3,0,1,0,0,2,0,4,1,1,3,6,1,2,0,4,2,3,2,1,3,6,0,1,4,3,2,0,2,1,1,2,4,0,2,5,3,4,2,2,0,2,1,1,0,3,2,4,0,2,1,2,1,0,1,1,5,2,2,0,5,1,2,1,1,1,3,3,6,1,1,1,3,2,2,1,2,3,3,2,2,4,1,1,1,1,2,0,0,3,0,5,3,5,4,0,1,1,4,1,2,2,2,2,3,4,3,1,1,6,5,7,9,3,1,2,7,2,1,4,6,3
53f4a671503519366ba36ad29152db78	,0,0,1,0,0,0,0,0,0,0,0,0,0,0,0,0,0,0,0,0,0,4,0,0,1,0,1,0,0,3,5,1,4,4,4,3,1,6,3,0,1,1,3,1,6,2,1,5,2,2,9,5,1,3,5,3,7,2,1,6,4,6,7,11,1,2,27,4,6,4,4,3,3,9,6,2,2,8,9,4,1,1,3,7,5,9,1,2,3,0,2,3,3,4,4,8,3,15,4,1,1,2,6,3,3,3,4,5,12,7,1,9,3,0,6,3,1,7,9,2,5,3,4,3,14,2,7,4,5,2,8,2,3,6,3,7,1,4,1,3,2,1,2,2,2,3,11,1,7,4,3,1,1,8,5,3,4,3,5,2,4,8,3,4,4,3,2,6,8,5,2,5,22,5,1,11,2,11,11,5,16,2,4
572a524c866685f2b0bdea2736e7c235	,0,1,0,0,0,0,0,1,0,0,0,1,0,0,0,0,0,0,0,0,0,0,0,0,0,0,0,0,0,10,7,7,1,2,12,4,3,9,7,6,3,2,7,0,1,5,2,5,0,0,4,1,1,0,3,5,5,2,1,2,2,0,5,6,5,1,3,7,1,1,3,3,7,1,1,3,2,15,4,2,1,20,2,3,2,3,5,4,1,1,1,1,3,0,6,1,3,11,9,6,20,5,1,5,1,4,4,4,11,0,0,6,11,0,2,1,3,3,9,2,4,4,0,3,9,0,13,3,0,1,1,9,4,2,6,6,3,7,2,5,0,1,7,1,6,3,4,1,6,0,4,13,2,1,1,2,4,0,12,7,2,3,1,3,4,3,8,4,0,2,3,2,4,7,3,0,3,1,6,1,9,5,6
5758252da54f4860acff8c74ea38c902	,1,0,0,1,1,1,0,1,0,0,0,1,0,1,0,0,2,0,0,1,0,1,0,0,0,1,0,1,2,3,4,4,4,2,6,6,6,3,4,9,3,7,8,5,5,5,5,6,4,7,7,6,1,3,5,5,4,7,4,2,2,0,4,2,2,4,5,2,5,2,3,5,5,3,6,4,4,4,2,4,6,4,2,5,3,2,3,3,5,4,8,4,3,3,2,3,5,7,3,3,4,1,2,5,4,3,4,2,6,7,2,4,4,6,3,5,1,2,3,8,6,5,4,4,4,5,8,3,6,9,3,6,5,7,7,3,4,2,4,4,4,5,4,9,4,7,5,4,3,5,8,2,4,1,5,10,4,0,2,8,2,4,1,7,6,9,8,4,5,5,9,7,2,10,11,6,2,7,8,7,10,6,2
5ce35e3085934e1621766ba766437754	,0,0,0,0,1,0,0,0,0,0,0,0,0,0,1,0,0,0,0,0,0,0,0,1,0,0,2,0,3,1,1,3,11,4,1,3,2,1,4,0,7,7,4,4,7,1,3,2,1,3,0,2,2,2,5,3,1,3,2,2,4,3,1,3,3,0,1,1,2,2,38,3,2,1,3,0,7,7,2,8,1,2,4,5,4,6,2,5,7,12,3,0,3,3,5,10,12,4,6,2,4,3,6,6,3,5,16,4,5,4,5,2,6,14,2,3,5,6,7,10,3,1,1,4,13,34,3,1,3,5,10,2,3,3,6,19,3,2,10,11,6,3,5,16,7,5,5,6,26,13,3,2,2,5,10,5,8,2,2,10,5,6,4,4,11,5,3,2,2,6,10,8,4,10,10,3,4,17,20,8,9,6,15
5dcba3c9cc855e910bcd92f6a5777b15	,0,1,1,0,0,0,0,1,0,0,0,0,0,0,1,0,0,0,0,0,0,2,4,0,0,0,2,1,0,3,4,3,5,4,4,2,4,4,1,8,3,4,4,5,8,5,7,1,5,10,7,7,4,9,9,10,7,13,2,4,4,6,5,6,4,4,7,4,8,8,9,2,5,8,6,8,3,6,9,1,9,6,2,11,1,7,7,7,7,5,1,4,5,5,7,4,2,4,5,3,1,7,3,6,9,2,8,2,5,4,8,3,5,3,7,1,4,4,3,8,10,4,8,13,6,9,9,4,7,2,3,11,7,7,8,5,2,4,3,7,5,8,4,13,3,10,4,12,6,5,5,5,10,5,11,12,8,5,5,5,7,10,7,6,10,6,10,6,2,7,6,7,3,8,10,6,3,7,8,12,3,8,3
5e1788cd2cce09d8780d44c81a862e19	,0,0,0,0,0,0,0,0,0,0,0,0,0,0,0,0,0,0,0,0,0,0,0,0,0,0,0,0,1,6,29,27,9,0,8,2,28,1,0,2,5,2,1,4,2,2,3,2,17,6,2,3,4,20,2,3,5,5,0,1,3,3,7,0,6,3,6,8,3,6,0,0,7,1,3,1,36,9,61,27,30,13,13,20,10,9,13,11,26,10,12,14,12,20,5,10,9,14,14,13,4,18,4,6,9,8,1,5,1,3,9,7,16,11,6,9,5,3,10,5,9,9,5,11,7,8,5,12,22,7,6,11,6,4,9,7,18,6,2,8,9,6,6,5,11,10,4,4,9,5,5,8,12,3,11,21,22,8,18,15,8,93,8,21,14,13,11,9,17,2,13,4,8,12,31,5,4,3,4,3,7,9,14
5e2ef5473cbbdb335f6d51dc57845437	,0,0,2,0,0,0,0,0,0,0,1,0,1,1,0,0,0,0,0,0,0,0,0,0,1,1,1,0,2,2,0,9,2,13,6,7,2,8,4,8,2,4,7,2,4,7,5,4,3,5,7,5,3,6,10,7,4,2,6,8,5,3,12,6,7,2,3,4,4,4,6,3,6,2,12,8,3,8,8,8,9,9,1,8,7,4,5,3,3,11,5,9,6,5,6,9,3,6,5,2,10,12,6,3,10,6,3,9,11,5,4,3,6,11,15,3,4,9,7,11,7,6,4,7,3,4,6,8,6,3,9,14,17,11,10,15,19,18,11,7,12,4,7,9,7,4,9,10,6,7,7,9,12,8,2,11,5,6,14,5,5,32,2,2,15,6,12,8,6,9,6,11,12,6,10,6,4,5,10,10,5,9,22
5e7aa23d0b0e2a43bfd8bdaa9328fc54	,0,2,0,2,0,2,0,1,0,0,0,1,0,0,0,0,0,1,1,0,0,1,0,1,0,1,0,4,1,6,7,6,4,11,9,11,6,2,7,9,5,8,4,9,9,9,9,9,14,4,10,10,6,4,6,7,12,10,8,8,10,5,5,5,16,8,8,4,5,9,10,4,5,18,11,9,8,4,12,13,6,3,7,5,8,6,11,5,8,5,14,15,4,14,11,7,7,6,10,9,5,13,12,8,14,7,31,7,14,8,7,11,7,6,30,5,8,12,5,15,8,8,10,8,9,11,15,6,4,14,11,9,15,14,14,9,11,7,10,9,12,11,16,12,13,11,13,13,12,5,8,11,8,17,12,15,54,19,15,9,20,10,18,9,7,10,19,15,22,15,14,27,13,20,11,11,17,13,17,11,9,6,17
61dfd882204789d7d0f70fee2b901cef	,0,0,1,0,0,0,0,0,0,0,0,0,0,2,0,0,0,0,0,0,0,0,0,0,0,0,0,0,0,0,0,0,0,1,0,0,0,1,2,0,1,1,1,1,2,1,0,0,1,0,4,1,8,2,1,1,3,1,2,2,0,1,0,1,0,1,1,2,1,0,1,1,1,1,2,1,0,1,0,2,0,1,0,2,1,0,0,0,2,2,0,0,1,0,1,0,0,2,0,0,0,1,2,1,3,0,1,1,0,2,0,1,0,0,0,0,0,0,0,0,8,2,5,0,0,0,2,1,0,0,2,5,0,1,0,0,0,1,0,2,0,1,0,0,1,0,0,2,2,1,0,0,2,2,0,1,0,1,2,0,2,0,2,2,1,2,3,0,0,1,1,0,0,0,2,3,0,0,0,1,1,1,0
6392ef7a5910d918327e7121b821bcc1	,0,0,0,0,0,0,0,0,0,0,0,0,0,0,0,0,0,0,0,0,0,0,0,0,0,0,0,0,0,0,1,1,0,0,0,0,0,0,0,0,0,0,0,0,0,0,0,0,0,0,1,0,0,0,0,0,0,0,0,0,10,0,0,0,0,0,1,0,0,0,1,0,0,0,0,0,1,0,0,0,0,0,0,0,0,0,0,0,0,0,0,0,1,0,2,0,0,0,0,0,1,0,0,0,0,0,0,0,1,0,0,1,0,0,0,3,0,0,0,0,0,1,2,0,1,0,3,0,0,1,0,0,0,0,0,1,0,0,0,0,0,0,3,0,7,3,0,2,0,0,0,0,0,1,0,0,0,4,2,1,0,2,0,1,0,1,0,1,0,0,2,4,0,0,0,0,8,0,1,0,3,0,1
6428a2b58ccd8fe4cd25ef1a156fcaff	,0,0,0,0,0,0,0,0,0,0,0,0,0,0,0,0,0,0,0,0,0,0,0,0,0,0,0,1,1,2,3,3,3,4,2,7,5,0,2,3,5,1,1,1,4,5,9,6,4,7,0,1,3,4,5,3,3,4,2,2,1,3,3,7,2,4,0,3,3,2,3,1,4,6,4,7,1,9,8,3,2,7,2,1,1,1,5,2,2,3,6,7,7,1,5,3,4,3,1,0,3,1,3,5,10,1,1,6,7,0,3,3,3,2,0,1,3,3,3,4,5,4,11,2,7,1,2,3,0,5,5,4,3,6,0,2,4,2,4,2,3,6,1,2,4,3,2,3,4,2,1,7,5,2,3,5,3,4,4,4,5,1,2,1,7,1,3,1,4,3,1,7,2,2,1,3,1,3,0,7,4,2,2
67833a29f796e8b026df019282e14e87	,0,0,0,0,0,0,0,2,0,0,1,0,0,0,0,1,0,0,0,0,0,0,0,1,0,0,0,2,0,4,5,1,4,4,1,11,4,4,3,2,0,6,2,1,1,3,3,0,2,3,7,6,3,6,1,1,2,3,3,2,4,3,2,4,2,0,10,2,2,7,4,5,5,6,4,2,4,5,3,0,2,2,4,9,0,2,1,2,3,2,0,4,3,2,5,1,2,1,2,3,1,1,2,3,4,5,2,2,2,2,1,0,2,1,3,4,0,2,1,2,2,1,6,4,2,2,6,3,1,3,1,5,1,5,4,8,2,2,1,4,1,0,0,2,1,3,0,0,0,1,1,2,1,5,2,2,1,3,2,2,1,11,4,3,4,4,1,3,5,1,0,3,5,6,7,0,7,4,3,5,2,12,4
67b79ef977a160835c9bd75fd610c1af	,0,0,0,0,0,1,0,1,0,0,0,1,0,0,1,0,0,0,1,1,1,1,0,0,0,0,0,0,1,1,2,6,3,2,7,7,6,5,9,4,9,8,4,5,6,7,9,6,20,10,7,14,7,8,13,14,10,5,11,5,4,6,14,8,4,8,11,7,5,12,7,4,6,8,5,8,8,10,6,8,3,6,12,4,13,10,4,5,6,7,10,12,6,12,5,6,10,10,18,13,9,12,4,9,9,8,14,18,11,11,8,9,9,7,9,8,5,3,12,8,9,6,14,6,9,9,7,6,19,14,11,11,16,6,6,12,2,8,8,5,8,7,1,8,5,9,7,10,7,8,12,7,7,12,6,9,2,10,7,4,3,10,7,8,6,8,12,13,8,7,7,6,6,11,10,8,9,4,7,16,15,6,6
67ed1f7f1374e64a93bfca4b44f66dd6	,0,4,0,2,0,0,0,0,0,0,0,1,1,4,8,0,3,1,0,2,0,0,2,1,3,2,1,2,5,18,99,9,18,32,11,9,24,25,6,17,11,15,8,23,9,15,9,62,16,25,21,12,9,31,15,19,63,11,6,18,19,57,22,19,26,32,25,21,41,59,22,23,14,16,34,7,16,24,26,22,433,211,145,175,135,109,102,75,94,77,101,73,57,70,124,179,163,198,49,74,94,83,56,57,49,44,68,41,70,44,30,58,83,108,22,30,55,48,43,30,22,47,44,33,43,68,48,40,99,51,25,36,54,68,63,51,60,40,75,50,72,62,78,50,43,51,107,51,50,48,51,36,72,42,70,71,25,55,59,41,69,61,46,66,60,40,51,62,37,52,55,35,69,93,43,37,47,50,40,38,24,45,45
6a493121e53d83f9e119b02942d7c8fe	,0,1,1,0,0,0,0,0,0,0,0,0,0,1,0,0,0,0,0,1,0,0,0,0,0,1,0,0,1,1,1,5,7,8,2,4,7,6,1,3,2,10,6,7,5,1,4,5,4,7,4,3,4,12,6,6,9,4,9,3,10,4,7,6,2,3,3,3,8,9,6,11,6,6,5,7,11,8,7,6,2,2,5,4,12,6,11,7,6,5,4,4,3,8,4,4,4,11,5,4,12,6,5,10,2,3,2,3,7,2,5,4,7,8,6,8,3,2,4,1,3,5,7,8,7,8,4,6,5,6,6,1,12,4,3,5,8,24,7,5,8,5,4,3,2,6,5,2,7,3,2,2,6,9,9,8,8,9,3,2,3,5,2,2,6,10,11,7,9,5,5,7,4,2,7,5,13,11,7,3,5,9,1
6bb4c3bbdb6f5a96d643320c6b6005f5	,0,0,0,2,5,1,2,4,0,5,1,0,3,0,0,0,0,0,0,1,0,3,0,1,1,4,0,3,2,5,4,10,7,2,5,12,7,3,10,7,10,7,3,8,6,5,6,13,5,7,13,7,11,3,13,6,13,9,7,6,11,12,5,1,5,6,7,6,5,4,9,10,6,14,8,9,8,7,7,12,12,11,8,6,6,7,5,8,5,8,9,14,7,8,14,7,8,4,8,8,5,10,6,6,11,6,4,2,4,7,11,18,14,9,13,7,13,17,11,6,10,18,8,9,3,7,8,10,8,7,9,6,19,6,8,5,8,4,10,7,9,8,9,11,10,19,10,7,6,10,5,7,6,6,5,6,12,8,7,13,13,11,15,11,9,8,10,10,14,9,9,11,8,17,12,10,10,12,11,15,22,11,11
6d4ecd79fd8a64039ecbfcce36019218	,2,2,3,3,1,2,4,2,1,1,3,1,1,1,3,1,3,3,2,2,4,0,0,1,2,1,2,10,15,28,30,35,25,27,40,34,33,36,40,35,25,37,31,34,33,27,37,27,15,21,20,29,37,50,20,32,28,24,41,29,37,26,26,29,29,34,41,27,22,27,30,24,27,23,17,25,26,37,30,24,25,32,32,24,35,28,42,15,34,42,21,40,37,26,28,25,17,23,25,38,25,29,31,34,17,35,25,31,27,41,20,27,24,33,40,32,37,32,19,36,36,31,43,33,21,33,41,32,29,22,41,42,39,41,41,36,44,42,23,48,39,27,45,56,52,27,38,43,26,38,47,45,33,27,28,24,41,35,33,31,31,33,32,27,37,32,31,22,39,32,41,40,31,40,38,38,40,28,33,35,37,42,38
6d75b73dcabcd3db528ce7f9111f27da	,0,0,0,0,0,0,0,0,0,0,0,0,0,0,0,0,4,0,0,0,0,0,0,0,1,0,0,3,2,0,5,0,9,4,3,2,3,1,2,4,3,2,7,1,1,2,3,2,3,2,0,2,1,2,2,1,3,5,6,3,10,3,3,9,5,1,1,1,1,3,6,4,3,1,4,3,5,5,3,6,6,1,3,0,2,1,0,2,6,0,4,9,5,4,3,0,5,4,5,6,4,1,2,5,5,3,4,7,1,3,4,3,5,2,7,1,5,2,1,7,1,4,2,2,0,10,6,0,5,0,3,5,0,4,1,2,3,4,6,6,3,4,4,3,4,6,4,3,3,2,7,6,4,5,8,7,11,3,6,4,7,3,7,2,2,81,4,6,5,1,2,3,3,2,6,8,6,3,3,0,4,4,7
6f462b173b2d6d20a2c9fb1ec0fd2dda	,0,1,1,1,2,2,0,1,0,1,0,0,1,0,0,1,0,0,0,0,0,0,0,0,2,0,0,1,1,6,2,3,5,1,4,5,9,1,5,3,8,7,4,2,6,9,1,4,3,7,8,4,3,5,3,3,9,3,4,6,3,5,11,6,7,3,4,8,8,10,6,3,9,10,3,6,7,10,5,1,3,5,2,3,12,4,6,5,2,8,5,12,5,5,3,4,16,25,25,16,6,5,5,4,10,12,13,12,12,3,10,12,13,10,5,1,8,8,3,6,5,3,2,7,8,4,5,2,6,8,13,17,11,14,10,10,14,18,13,15,5,9,10,4,9,7,6,9,3,4,9,4,13,4,7,4,5,5,6,7,6,5,8,12,6,6,5,4,11,4,7,10,3,4,2,7,5,3,4,4,2,11,9
7e0db58c13d033dafe5f5e1e70ff7eb4	,1,0,1,1,0,0,0,0,0,0,2,0,1,1,2,0,0,0,1,2,0,0,1,0,1,0,1,1,3,4,16,10,6,11,10,11,7,6,5,5,12,13,4,9,4,10,9,29,8,8,6,6,11,10,17,13,9,10,9,10,11,3,9,11,15,7,14,9,9,13,12,9,9,9,9,9,2,11,18,11,10,9,7,3,8,11,25,16,7,14,3,5,4,10,18,10,6,13,10,10,17,4,7,10,9,6,8,14,6,16,8,8,7,3,10,14,14,2,12,15,5,16,10,2,8,14,11,4,17,21,12,9,8,19,9,14,15,6,7,8,12,13,4,6,5,6,14,9,9,11,5,13,3,27,8,6,3,5,15,8,9,9,8,11,4,5,3,8,10,11,6,10,10,7,4,3,9,6,8,12,18,7,12
82fda1f850a9fe22e41b5c8dadaff4ac	,0,0,0,0,0,0,0,0,0,0,0,0,0,0,0,0,0,0,0,0,0,0,0,0,0,0,0,1,1,1,6,4,5,2,4,1,4,3,2,2,3,0,4,3,2,2,6,5,3,0,0,5,5,3,5,6,1,9,5,5,1,6,0,0,5,3,3,2,2,4,3,4,9,2,2,2,9,4,2,2,2,0,7,4,2,2,14,0,5,1,3,6,1,4,4,7,7,0,2,3,2,1,2,2,3,7,0,0,3,4,2,3,1,6,5,3,2,2,3,5,2,4,6,3,1,1,1,0,2,4,4,5,0,6,1,3,0,3,2,7,3,3,3,3,2,5,3,8,3,6,1,7,5,3,2,2,5,5,2,4,0,1,2,1,0,7,2,3,2,4,4,1,2,2,2,2,2,4,3,1,1,9,0
88b7fc7ac7425e82b1b4866e5b28bf72	,0,0,0,0,0,0,0,0,1,0,0,0,1,0,0,0,1,0,1,0,0,0,0,0,0,1,0,1,1,4,2,4,1,3,5,6,7,3,2,2,0,5,0,0,5,1,3,5,3,5,2,3,2,2,8,5,1,13,1,6,3,6,2,5,6,2,6,3,1,2,2,1,3,2,1,4,3,1,6,0,2,1,3,6,4,0,3,4,7,6,4,3,3,0,0,6,1,5,1,4,0,4,5,4,2,8,3,1,5,5,4,4,3,3,2,6,2,3,2,5,3,2,8,3,7,5,0,1,2,5,2,6,2,3,1,6,2,4,3,8,3,4,4,4,8,3,5,4,2,3,4,4,3,10,3,3,3,4,3,5,5,4,4,5,1,4,4,8,2,3,6,4,6,3,13,2,2,3,2,4,7,8,3
8da51d03b8b8717431e8b902856fb45e	,0,0,0,0,0,0,0,0,1,0,0,0,0,0,0,0,1,0,1,4,0,0,1,0,1,1,0,1,3,2,7,12,6,12,15,13,9,11,12,7,11,6,11,4,6,17,7,7,12,5,8,8,9,9,14,8,13,11,7,6,15,7,6,4,12,10,14,11,14,8,6,16,9,20,18,15,13,10,10,11,8,14,10,9,16,6,11,15,11,15,11,17,16,27,15,17,9,18,8,17,7,12,10,4,6,12,9,6,13,6,11,5,12,12,8,15,10,9,17,6,7,13,19,12,10,17,8,11,16,12,9,10,13,18,10,15,13,9,11,10,9,16,20,8,13,15,13,15,11,12,12,11,11,7,12,17,8,14,26,12,7,5,15,9,9,9,6,19,13,10,13,8,8,13,12,14,10,18,7,13,13,14,8
8f29cbc2a555034643d66f9e83dd7a7a	,0,0,0,0,1,0,1,0,0,0,0,0,0,0,0,2,0,0,0,0,0,0,0,0,0,0,0,0,1,0,0,0,0,1,1,5,3,2,1,2,1,1,1,0,6,0,0,2,0,2,1,1,0,4,2,3,0,4,1,3,2,4,4,1,2,3,5,1,12,2,5,2,0,3,2,3,2,4,4,6,2,2,6,3,5,0,3,1,0,1,1,1,3,2,3,15,4,2,2,1,0,1,4,0,0,0,0,0,1,1,4,1,0,1,2,2,4,4,1,8,6,4,1,0,4,3,4,6,1,3,1,3,5,1,0,0,2,4,1,1,1,4,3,15,2,1,0,4,1,2,3,0,1,0,1,1,7,4,5,5,4,2,5,3,5,8,2,9,2,4,5,3,2,4,5,3,8,7,8,3,4,6,4
8fb3cef29f2c266af4c9ecef3b780e97	,1,1,0,0,0,0,2,0,2,0,0,1,4,1,0,0,0,0,1,0,0,0,1,0,0,0,1,1,1,9,10,8,7,12,13,15,11,11,9,21,12,6,7,10,8,13,21,5,14,11,9,10,12,10,5,4,8,8,8,18,17,5,15,19,13,5,14,9,13,13,8,3,6,8,8,14,5,7,4,14,10,16,9,6,8,17,11,14,8,11,5,15,16,7,16,21,14,2,11,11,17,9,15,17,6,5,6,6,6,8,5,12,8,23,7,1,9,0,2,21,11,10,3,13,4,8,7,9,6,14,73,27,26,15,22,11,10,13,14,6,6,15,11,10,11,67,150,105,80,83,64,49,45,61,73,90,79,53,55,58,38,35,29,32,44,24,29,27,32,27,18,23,42,33,26,26,23,25,20,32,24,20,29
92b57b5b5ad06e8cb5e152680601d697	,1,2,0,1,1,2,3,2,0,1,1,2,1,2,4,3,2,3,2,1,0,4,0,1,4,3,2,9,18,25,24,21,31,18,44,47,47,57,54,35,24,35,43,29,20,30,45,25,16,16,29,27,13,35,22,21,26,25,19,25,78,39,68,48,21,54,17,26,37,30,26,22,28,25,24,29,39,17,23,27,21,29,20,29,33,62,20,16,17,32,40,22,57,23,21,27,22,42,41,26,20,21,30,31,22,33,22,35,74,98,69,77,60,53,59,28,42,27,69,41,28,64,55,49,26,30,30,27,37,53,46,39,51,37,27,20,36,57,31,22,39,19,31,37,38,36,30,54,26,51,61,46,36,44,51,27,40,50,67,40,42,44,32,38,32,36,32,33,41,31,29,37,28,34,43,49,39,35,48,51,48,42,49
9338c3a5de1587c389f4c92057354248	,0,0,0,0,0,0,0,0,0,0,0,0,0,0,0,0,0,0,0,0,0,0,0,0,0,0,0,0,0,0,1,1,3,0,6,0,0,0,0,2,0,6,1,0,0,0,0,0,0,0,2,9,0,1,0,0,0,1,0,0,0,0,0,0,0,1,0,0,1,1,0,0,0,0,0,0,0,0,3,108,0,1,0,0,0,0,2,0,0,0,0,1,0,2,0,0,0,0,0,0,0,0,0,0,0,0,0,0,0,0,1,1,8,4,1,1,0,0,0,0,1,0,0,2,0,0,1,0,0,0,5,0,0,1,0,0,1,2,1,0,1,1,2,0,0,1,3,2,0,0,2,0,0,0,10,1,0,2,0,0,0,0,0,2,0,1,4,0,2,0,3,0,1,2,0,0,1,0,3,3,10,1,0
97546d961462a65d2518e4f63660bd09	,0,0,0,1,0,1,0,0,0,1,2,0,0,0,0,0,0,0,0,1,0,0,0,0,0,0,1,4,4,11,8,7,7,4,8,9,10,7,6,6,8,6,4,7,2,8,6,8,4,10,5,16,6,8,4,2,9,6,8,3,6,7,5,6,1,5,4,4,8,14,6,8,12,9,5,11,14,36,14,1,4,4,5,12,6,6,1,1,8,6,5,4,10,3,8,3,7,6,16,1,11,8,4,8,5,10,8,20,4,5,6,6,9,4,7,7,5,8,24,6,6,5,8,8,7,8,5,11,4,4,4,5,7,14,5,5,4,9,4,17,70,51,16,13,17,14,7,21,14,6,12,8,9,9,6,3,4,11,7,11,10,7,14,7,9,8,7,12,11,8,12,11,12,13,11,10,12,9,6,4,20,14,10
97de6333157f35467dff271d7afb0a23	,1,1,0,4,0,1,0,0,0,0,0,0,1,0,0,0,2,0,0,2,1,1,0,0,0,0,2,0,0,1,7,22,11,10,2,9,10,9,7,7,7,2,11,3,9,5,6,7,9,2,6,3,5,11,7,7,4,9,7,10,25,7,6,2,0,5,4,5,7,3,29,16,5,8,6,3,1,4,5,2,2,2,2,6,6,4,4,5,13,3,9,37,2,3,2,6,3,1,2,2,3,6,5,4,4,5,1,2,9,4,2,10,2,1,5,4,2,2,2,8,4,7,0,4,2,4,5,6,7,2,0,3,3,2,3,0,1,1,1,2,2,1,4,5,0,4,1,2,3,0,8,6,4,4,1,7,3,7,2,1,0,3,3,1,5,2,2,8,2,8,7,1,2,1,3,2,3,5,4,5,3,0,5
9e58afbf3fea116b0050bf56bfb4442e	,0,0,1,0,0,0,1,1,0,0,1,0,1,0,1,0,1,0,0,0,0,0,0,2,2,0,0,3,3,1,6,4,6,3,12,7,7,9,4,11,9,20,6,3,7,6,11,5,9,10,7,6,9,9,5,3,12,8,6,7,8,20,7,14,5,9,9,4,9,15,15,5,5,5,7,12,4,20,3,14,7,10,18,19,28,6,11,16,8,7,30,12,7,6,2,23,7,13,20,13,13,11,8,6,15,22,18,9,5,13,6,7,20,9,11,5,5,15,18,8,14,51,10,29,23,21,16,19,13,8,16,11,13,9,19,7,23,16,9,9,11,65,9,12,17,26,19,19,10,11,10,15,13,7,11,34,7,9,5,14,5,14,14,5,6,18,16,15,16,12,7,12,18,8,20,15,15,16,11,14,16,5,12
9f69ffd8852196e02cfa19b5cd9bc432	,0,0,0,1,0,0,0,0,0,0,0,0,0,0,0,0,0,0,0,0,0,0,0,0,0,0,0,0,0,1,0,4,1,0,2,1,0,0,0,1,0,0,1,2,1,1,1,1,6,1,0,2,3,1,1,2,0,2,1,4,0,2,1,0,2,1,1,1,2,2,2,1,2,1,0,1,3,1,1,1,1,0,1,0,1,2,3,4,1,0,0,0,0,0,1,3,0,4,1,2,1,3,0,0,3,1,1,6,4,0,3,3,2,2,1,2,2,2,4,1,0,0,7,3,6,1,1,1,1,5,2,0,0,1,3,1,0,0,1,5,0,4,0,5,5,2,0,1,2,5,11,1,1,2,0,0,5,3,4,2,2,6,2,2,7,4,1,1,1,4,6,6,2,4,8,9,4,3,1,1,4,3,3
a581aaeb73a9ce7f6806eb1e56e319b6	,0,7,0,0,0,0,0,0,0,0,0,0,0,0,0,0,0,0,0,0,0,0,0,0,0,0,6,0,0,0,3,4,4,10,1,3,0,5,0,2,2,4,5,4,2,4,5,2,3,3,4,3,1,5,5,5,6,1,8,3,5,2,4,5,1,3,3,2,4,4,3,1,6,6,0,3,6,9,11,1,22,14,2,1,0,9,9,8,6,6,8,0,3,2,5,3,7,1,8,1,5,1,3,17,11,10,7,8,7,8,4,4,13,4,3,9,3,14,5,2,5,2,7,2,3,2,11,1,2,5,3,9,3,8,3,5,5,9,7,4,0,5,1,2,1,3,1,4,8,4,4,4,2,4,7,11,5,5,5,3,1,6,8,5,5,0,8,5,2,5,7,5,2,6,6,10,6,2,5,2,4,4,5
a77796848ccfc47059c04b22476e64c1	,0,8,2,1,1,1,2,2,1,0,0,3,1,1,0,0,6,3,4,4,3,4,1,3,0,7,2,9,20,8,44,28,22,29,27,15,18,33,20,25,18,33,42,38,34,36,44,33,28,39,45,21,31,32,35,45,28,53,30,28,25,32,29,28,41,26,27,39,25,31,39,56,45,24,30,33,21,39,35,49,39,29,22,31,61,31,35,20,34,24,27,32,31,28,31,39,27,44,40,39,25,38,28,38,33,12,32,21,36,47,26,23,32,30,40,36,77,37,39,37,46,59,37,37,37,31,33,51,26,39,34,42,71,39,46,42,40,46,36,43,36,27,40,41,47,36,37,89,53,28,40,32,51,58,64,40,43,40,35,37,54,47,73,103,49,41,41,54,60,29,41,39,41,49,45,44,35,105,73,71,61,61,61
aa23b111abed5ba5012bc20025e29acb	,0,0,0,0,2,0,0,0,0,0,0,0,0,0,0,0,0,0,0,0,0,0,0,0,0,0,0,1,0,0,2,2,1,0,4,2,0,0,0,0,2,2,0,1,0,2,0,0,0,0,1,1,3,0,0,2,3,1,1,1,1,1,8,3,0,1,3,1,1,1,3,2,0,6,0,1,1,2,2,0,3,2,0,4,3,1,0,1,1,1,0,2,0,1,2,0,0,1,1,1,0,3,0,0,2,1,1,0,0,0,0,5,1,1,1,0,1,1,7,2,1,0,2,2,0,2,1,0,2,0,0,0,0,0,0,0,0,2,0,6,1,9,4,1,2,1,4,2,0,3,2,1,0,2,1,0,3,1,0,1,3,4,1,2,1,2,5,7,2,4,2,2,0,0,5,2,2,2,4,2,1,2,0
ac43c6ce2f9df4adfbb05edd97cecbcc	,0,0,2,1,0,0,1,0,0,0,1,0,0,1,0,0,0,0,0,0,0,1,1,0,2,0,0,1,4,3,7,4,12,5,8,3,3,4,2,3,2,7,7,8,6,6,5,4,3,9,5,3,6,9,11,6,7,5,12,12,7,8,8,7,9,8,7,3,8,6,6,5,8,11,5,4,9,7,1,8,24,6,3,12,10,6,6,6,1,5,8,2,19,9,8,5,9,6,8,3,5,21,4,27,5,6,5,8,7,11,5,16,5,13,10,5,7,10,12,13,4,8,11,5,5,14,7,12,12,5,13,3,10,4,6,15,5,7,11,5,7,5,9,9,9,7,8,5,8,5,6,4,12,7,11,4,10,12,7,5,7,6,4,8,7,4,12,13,4,9,10,3,8,4,6,9,12,6,4,9,6,13,4
aeae35529086c0b12777b314222d7930	,0,0,0,0,0,0,0,0,0,0,0,0,0,0,0,0,0,0,0,0,0,0,0,0,0,0,0,0,0,0,0,0,0,0,0,0,0,1,0,0,0,0,0,0,0,0,0,0,0,0,0,0,0,0,0,0,0,0,0,0,0,0,0,0,0,0,0,0,0,0,0,0,0,0,0,0,0,2,0,0,0,0,0,0,0,0,0,0,1,0,0,0,0,0,0,0,0,0,0,0,4,0,0,0,0,0,0,0,0,0,0,0,0,0,0,0,0,0,0,0,0,0,0,0,0,1,1,0,0,0,0,0,1,0,0,0,0,0,0,0,0,0,0,0,0,0,0,0,0,0,0,0,0,0,1,2,0,0,0,0,0,0,0,0,0,0,0,0,0,0,0,0,0,0,0,0,0,0,0,0,0,1,0
b01af01dc3a0e1e5068bd3e72f6ff823	,0,0,0,0,0,0,1,0,0,1,0,0,0,0,1,0,1,0,0,0,1,0,1,0,0,0,1,3,1,6,4,9,9,3,5,15,4,9,4,11,9,6,9,3,4,6,7,4,1,2,9,7,7,7,6,9,4,9,3,4,2,4,8,4,4,6,6,6,10,6,11,6,6,6,5,13,8,8,7,5,6,9,7,7,7,11,8,7,4,3,7,9,8,7,3,5,9,8,7,3,11,3,5,8,10,8,7,10,6,4,5,11,8,6,4,8,11,7,11,13,10,7,8,3,5,5,2,6,7,4,5,7,5,4,5,6,6,3,10,9,9,7,18,5,9,7,8,6,9,4,7,6,5,10,4,5,8,8,8,9,3,9,6,11,6,5,9,9,12,7,4,6,7,5,5,4,8,9,10,11,4,2,6
b15e8846dc61824c1242a6b36796117b	,3,6,0,1,3,3,4,2,1,4,7,2,2,1,15,2,3,0,3,6,4,12,7,1,4,8,1,14,15,27,71,51,42,55,62,48,54,61,48,46,44,106,124,42,45,52,53,73,55,70,49,42,46,49,36,50,87,73,46,61,78,64,56,68,57,46,57,72,55,63,79,50,59,45,64,52,59,84,44,56,55,76,54,63,53,57,85,72,59,48,42,45,66,77,74,76,61,57,75,82,69,87,57,66,49,58,68,78,59,64,58,53,49,61,67,63,51,59,70,70,60,79,63,69,72,64,53,68,57,60,59,64,64,78,70,81,77,69,67,63,75,47,76,68,58,50,60,61,46,54,72,76,62,94,88,82,72,58,71,80,71,66,81,80,109,70,52,71,62,98,98,83,75,83,82,83,71,82,70,63,75,108,61
b6a175a48743caed6d035444c069ab64	,0,0,0,0,0,0,0,0,0,0,0,0,0,0,0,0,0,0,0,0,0,0,0,0,0,0,0,2,2,1,4,2,3,4,1,7,4,2,2,2,7,3,2,3,2,4,1,4,3,7,3,1,0,1,5,4,3,6,3,3,4,4,4,4,2,0,4,4,3,0,6,2,6,2,6,2,1,5,4,1,2,0,0,1,1,1,1,2,5,2,1,6,3,0,4,1,6,1,7,4,2,3,5,2,5,5,26,1,1,3,4,3,1,3,7,2,4,6,1,4,0,6,2,5,4,2,1,3,2,1,5,8,5,2,2,2,1,6,5,1,3,0,2,1,2,5,2,6,4,2,2,6,3,1,1,7,3,3,4,0,3,3,3,4,3,4,0,1,4,2,5,4,1,8,6,5,3,3,1,7,2,4,3
b7522cc91cf57ada15de2298bfd6a3ee	,0,0,0,0,0,0,0,0,0,0,0,0,0,0,0,0,0,0,0,0,0,0,0,0,0,2,1,0,1,1,1,2,7,3,2,2,6,4,2,3,4,2,2,1,5,2,5,7,4,7,5,5,2,2,6,4,4,2,3,2,4,7,4,3,1,4,4,3,4,8,6,2,5,22,25,20,12,6,6,6,7,8,8,6,3,2,2,3,7,7,6,11,5,2,7,3,5,7,2,2,14,1,5,0,6,4,4,7,5,5,5,2,2,3,0,2,1,2,6,5,9,5,2,6,9,1,2,1,3,5,3,4,3,6,3,6,6,8,6,4,2,2,5,3,3,7,18,14,13,9,4,5,7,13,9,11,10,5,12,4,6,5,3,4,12,4,7,9,6,8,4,6,7,6,7,8,3,4,4,8,4,4,6
b79593426f5360c38beacd2a940b5f22	,0,0,0,0,0,0,1,0,0,0,0,0,1,0,0,0,0,0,0,0,0,2,1,0,0,1,1,2,1,3,7,5,6,4,2,3,3,6,2,8,3,6,3,3,3,3,5,4,4,4,7,3,4,4,6,6,6,5,4,3,6,7,8,4,5,6,5,0,6,5,2,6,2,5,8,4,7,3,4,7,5,5,10,6,6,1,8,6,4,4,4,2,3,7,3,9,4,10,3,6,4,4,4,8,6,8,9,9,3,3,5,9,2,6,3,4,7,6,5,5,9,7,3,12,7,6,5,5,5,9,6,7,3,6,9,8,8,5,7,8,9,4,9,7,6,6,7,8,5,6,5,4,12,7,5,7,3,3,3,7,3,7,4,4,3,4,9,5,7,6,4,2,5,6,5,5,5,7,4,3,7,7,7
bc14447beab5353ef057c3ec90199576	,1,1,3,0,0,0,3,0,0,2,0,1,0,2,2,0,0,0,1,0,3,1,1,3,0,1,2,5,3,12,11,7,5,14,5,13,28,22,21,6,17,10,24,14,31,12,8,18,20,26,8,25,26,8,20,26,13,23,18,20,6,10,21,14,18,14,23,16,14,46,14,20,18,45,15,22,17,26,19,28,21,13,12,25,22,16,13,20,15,13,22,16,11,15,10,15,27,24,14,12,22,12,17,52,21,16,18,24,29,9,21,16,15,19,19,16,32,13,28,17,20,46,13,15,14,22,12,15,26,15,17,44,30,15,24,25,13,6,22,11,15,10,25,17,37,24,16,11,22,23,18,20,18,8,27,17,24,33,14,12,25,18,37,12,26,21,14,7,22,26,22,18,5,28,7,18,19,24,14,13,29,19,16
be0c7a23c2aa9afb45163995b9ec938c	,0,0,1,0,0,0,0,1,1,0,0,1,1,0,2,0,2,0,1,0,2,0,0,1,1,0,1,1,2,0,2,1,4,2,1,4,1,6,5,5,2,3,3,4,8,9,12,6,2,6,3,3,2,7,4,4,5,7,4,8,5,1,2,3,3,8,5,6,7,5,7,7,2,8,3,3,9,12,2,1,4,6,6,4,15,9,7,0,2,11,2,4,9,0,11,8,19,37,18,10,14,9,10,7,8,10,7,7,17,10,5,9,5,16,8,3,5,7,2,9,8,4,9,17,8,5,3,9,13,1,9,5,6,2,7,2,3,4,5,5,9,3,5,15,3,8,7,23,19,4,4,8,2,5,5,3,9,6,7,3,7,8,2,1,4,3,5,6,6,4,2,11,7,9,5,6,3,1,7,5,9,30,10
bf21d16799b240d6e445fa30472bd50b	,0,0,0,1,0,0,0,0,0,0,0,0,0,0,0,0,0,0,0,0,0,0,0,0,0,0,0,0,0,0,0,1,0,0,0,2,1,0,0,0,0,0,0,0,0,0,0,0,0,0,2,0,0,0,0,1,0,0,0,2,0,0,0,0,0,0,1,0,1,0,1,0,0,0,1,0,1,0,0,0,0,2,0,3,0,0,0,1,0,0,0,2,0,1,1,0,5,0,0,0,0,0,1,0,1,1,0,0,1,0,0,0,0,0,0,1,0,0,0,0,0,1,0,0,0,1,1,0,0,0,0,0,0,0,0,0,0,0,0,0,1,0,1,1,1,0,1,0,0,1,0,1,0,1,0,0,1,2,0,1,0,1,0,0,1,0,0,0,0,0,0,3,0,1,0,0,0,0,1,0,1,1,0
c026b84e8f23a7741d9b670e3d8973f0	,0,2,1,0,0,0,1,0,0,1,0,0,0,0,1,0,0,0,0,0,0,0,0,0,0,0,0,0,0,4,2,1,0,2,9,2,1,2,5,2,1,1,3,5,3,9,4,3,3,2,2,1,0,7,4,5,5,2,4,6,5,10,8,6,5,3,4,16,4,13,6,5,6,6,5,1,13,9,15,4,7,7,4,4,8,11,2,4,9,5,6,7,3,4,2,3,4,5,2,5,4,5,6,4,8,7,8,4,4,6,3,3,4,7,3,5,1,8,17,3,3,4,6,7,5,4,3,5,7,3,9,7,7,7,3,11,6,11,3,5,1,4,3,44,102,110,74,64,52,50,29,38,49,38,41,27,23,23,27,19,13,16,32,38,40,15,14,19,17,17,33,25,12,19,14,18,19,28,10,19,8,8,9
c0c28c3626073560ca763eb1ec60d9c0	,1,0,0,0,0,1,0,1,1,0,1,2,0,0,3,1,1,1,1,1,3,2,0,0,2,1,2,5,2,9,18,10,13,22,43,39,26,15,23,18,17,30,27,16,25,24,16,10,29,27,12,9,17,20,18,22,37,12,21,26,27,27,29,40,22,21,22,11,18,26,43,10,18,14,9,15,23,20,15,13,14,18,25,22,20,17,14,30,22,30,40,49,35,24,31,20,14,35,33,14,21,20,17,45,62,33,30,46,26,38,11,40,40,14,24,12,26,19,18,20,18,11,25,19,27,32,22,55,95,45,18,17,27,24,15,18,21,24,23,17,20,19,16,10,18,12,32,13,19,22,23,17,19,17,27,17,12,18,17,14,7,17,10,11,9,20,11,20,27,12,16,20,22,16,21,15,19,12,9,14,19,25,16
c34f751524776063c5ef8d4d4ebd1d19	,0,0,0,0,0,0,0,0,0,0,0,0,0,0,0,0,0,0,0,0,0,0,0,0,0,0,0,0,0,0,1,0,1,0,0,0,0,0,4,0,0,0,3,0,0,1,0,0,0,0,0,1,1,0,0,0,0,1,0,0,0,5,0,2,0,1,0,1,0,1,0,2,1,1,0,0,0,1,1,1,0,0,0,0,1,1,0,1,1,0,0,1,0,0,0,1,1,7,0,1,0,1,2,2,3,1,0,0,0,0,1,0,1,2,0,2,0,0,0,0,0,0,5,2,0,0,0,0,1,3,2,0,1,1,2,0,0,0,1,2,1,1,0,2,2,0,1,0,0,1,0,0,2,2,1,5,0,1,2,0,1,0,0,1,3,1,2,2,0,1,0,0,0,0,1,0,1,1,0,0,0,1,0
c5eac1d455675dfbc99f6c70f7b3971f	,0,0,0,0,0,0,0,0,0,0,0,0,0,0,0,0,0,0,0,1,0,0,0,0,0,0,0,0,0,0,0,0,0,0,0,0,0,0,0,0,0,0,1,1,0,0,1,0,1,0,0,0,0,0,0,1,2,0,0,0,0,0,1,0,0,0,0,2,1,1,0,0,1,1,3,4,0,1,2,1,0,4,3,0,0,0,0,0,1,0,0,0,2,0,0,0,0,2,1,0,0,0,0,0,0,4,1,0,1,0,0,0,0,0,0,1,2,5,0,1,1,0,0,2,1,1,0,0,1,0,0,1,0,0,0,0,0,1,0,0,0,0,0,0,1,0,0,1,2,2,3,0,3,0,0,0,12,2,1,0,3,2,0,1,1,6,0,1,0,0,0,0,0,1,1,2,4,0,0,0,2,0,1
c5f0170f87a2fbb17bf65dc858c745e2	,2,2,0,4,3,1,0,1,18,4,1,2,3,3,2,3,1,1,0,0,3,1,1,2,1,0,3,7,37,6,18,18,10,28,42,26,14,26,19,22,18,29,33,22,28,23,19,17,34,23,25,22,70,36,24,44,45,40,46,15,32,35,32,20,25,39,16,47,41,25,34,20,47,30,16,21,30,40,33,34,24,36,50,34,28,36,30,28,33,30,34,38,19,27,39,41,29,32,38,42,31,21,55,24,16,31,43,29,24,27,41,34,35,18,30,51,29,25,19,30,32,16,16,29,31,52,21,25,37,48,44,27,43,42,24,47,36,41,36,47,56,61,42,58,40,34,43,89,54,46,49,37,48,34,25,33,43,53,58,45,73,29,44,31,49,22,48,40,22,28,44,28,26,28,28,42,39,33,39,40,33,58,33
c7425ea3ecbea3a51b5550c698be7e71	,0,0,0,0,0,0,0,0,0,0,0,0,0,0,0,0,0,0,0,0,0,2,0,0,0,0,0,0,44,1,0,7,0,0,0,0,0,14,0,0,2,1,0,0,1,1,0,0,8,0,2,0,0,0,2,1,5,0,0,0,0,0,1,0,0,0,0,1,0,0,3,0,0,18,106,0,0,0,0,0,0,0,0,24,0,7,0,0,0,0,1,0,1,1,0,0,0,0,0,0,0,1,0,0,4,0,1,43,0,0,0,0,0,0,0,0,1,94,14,3,0,0,0,0,2,4,0,2,0,0,0,5,0,0,0,0,0,0,1,1,0,0,0,0,1,0,0,0,1,0,1,1,1,1,114,0,30,3,1,1,0,0,1,0,0,0,0,1,0,2,0,1,2,0,1,0,0,0,0,0,0,0,0
ca3e42dfdb7529d540141548674bc63e	,0,0,0,0,0,0,0,0,0,0,0,1,2,0,0,0,0,0,0,0,0,0,0,0,0,0,0,1,0,2,2,4,5,7,1,4,1,2,0,5,6,1,3,2,0,5,6,4,5,4,3,2,2,7,4,2,5,5,4,5,7,5,1,9,2,3,3,3,0,2,4,5,2,2,2,3,5,4,3,23,2,5,0,9,4,8,5,2,4,4,7,5,3,4,28,2,5,14,7,7,6,3,21,3,19,6,5,13,6,3,6,3,3,8,5,4,1,13,6,2,9,3,2,1,5,9,4,11,5,6,2,4,4,1,6,7,2,7,6,3,7,25,7,9,6,4,31,5,6,5,3,3,8,5,0,5,7,1,3,5,10,5,1,4,3,6,6,3,6,3,6,4,5,0,2,7,4,5,31,26,20,4,7
ca6db6d4f02b7b946c57fc389e67dd7e	,0,1,0,0,0,0,0,0,0,1,0,0,0,0,0,0,1,0,0,0,0,0,0,2,0,0,0,0,0,0,2,3,1,1,0,0,1,0,1,0,3,3,0,2,2,2,0,2,4,2,0,2,1,4,3,0,3,3,1,6,0,2,1,0,5,4,0,1,1,6,3,1,0,1,5,0,0,0,0,0,1,13,1,2,10,8,6,1,0,3,1,3,0,1,1,1,5,2,10,4,2,0,2,4,1,1,3,0,3,6,5,1,2,0,1,14,2,2,1,2,1,7,2,4,1,8,11,3,6,7,7,6,9,2,13,0,10,22,5,1,18,2,0,12,6,28,7,6,3,3,8,8,7,2,3,10,5,12,9,6,4,6,2,4,3,7,2,1,4,8,26,5,1,6,1,9,7,8,7,4,7,9,10
cbc53d8b2da2e34974c29b7fc6534444	,0,0,0,0,0,0,0,0,0,0,0,0,0,0,0,0,0,0,0,1,2,0,0,0,1,0,1,0,4,7,3,4,2,3,3,4,8,3,1,3,1,5,5,4,2,3,3,3,4,4,1,5,2,1,3,2,4,0,3,6,5,4,2,2,3,0,2,1,4,4,1,4,2,3,4,0,1,5,5,1,1,3,4,3,2,0,0,0,1,1,2,3,0,0,2,2,3,4,0,3,2,1,2,1,6,2,1,1,0,1,4,0,1,3,0,1,1,3,1,1,4,2,0,2,1,1,3,3,1,1,6,1,0,1,2,2,3,3,2,0,2,3,1,2,2,4,3,0,3,0,2,6,0,4,1,1,0,6,4,1,1,2,1,0,2,1,0,1,0,0,2,1,2,2,1,2,1,4,4,3,3,1,1
cc865517bdfc45b0986ffee5dc1a56c5	,0,1,0,3,0,0,4,0,0,1,0,2,2,0,7,0,0,0,0,0,1,3,3,3,0,0,0,8,6,8,17,5,9,13,14,13,25,19,20,9,20,15,17,11,10,17,25,8,7,10,4,9,16,10,23,24,18,18,12,13,6,12,10,9,9,9,12,10,7,14,37,15,9,18,18,29,11,27,16,13,14,23,6,8,36,37,11,9,9,10,12,14,12,9,13,12,8,16,6,13,16,11,21,12,51,18,10,12,17,12,8,7,15,38,13,7,18,13,8,8,10,9,8,11,9,11,7,12,19,9,15,16,6,27,19,20,13,8,15,17,11,13,23,16,8,18,11,8,20,17,12,13,12,17,9,10,8,14,23,16,17,18,19,9,18,8,18,11,10,9,25,20,16,7,26,17,11,10,9,10,16,17,14
cd5ce8f47e50971ddb629d86a0bc34f2	,1,6,0,0,0,0,0,0,0,0,0,1,2,2,3,0,0,1,0,0,3,0,3,3,0,1,0,6,2,11,16,18,23,37,11,16,18,9,13,30,17,62,34,17,20,10,9,31,18,14,24,18,18,21,15,20,19,25,48,9,11,14,25,11,17,15,16,26,27,44,36,28,7,25,5,14,23,46,16,17,18,16,21,23,24,22,21,18,15,25,39,13,10,15,10,23,24,29,15,16,20,10,23,8,13,16,18,17,23,9,22,14,21,22,19,17,32,15,22,23,25,52,9,54,26,16,17,24,20,23,21,34,17,29,21,19,29,16,29,11,23,24,8,13,10,36,11,22,38,29,16,21,19,10,53,29,22,18,34,25,23,22,91,20,20,37,24,45,45,57,44,71,56,60,67,86,108,45,86,36,49,37,66
cdf36e58742f023020e6ae0e67d60dcc	,0,0,0,0,0,0,0,0,0,0,0,0,0,5,0,0,2,1,1,1,0,4,0,0,0,0,1,9,5,8,16,15,11,7,4,16,19,13,15,10,15,19,11,6,5,9,11,6,9,16,10,5,6,12,11,9,17,8,8,10,5,8,7,9,2,11,6,4,6,14,12,5,10,7,9,7,16,15,16,19,12,6,10,7,14,10,7,3,7,14,7,12,7,22,10,6,9,7,14,6,7,14,5,4,4,6,9,9,11,5,9,9,10,9,6,10,12,11,13,10,6,13,12,5,10,6,13,14,10,8,7,5,9,13,10,6,5,6,10,4,24,7,8,13,5,13,9,8,12,8,13,3,8,16,7,13,9,10,9,10,8,19,9,8,7,12,5,8,10,12,32,20,26,25,5,18,12,13,25,8,13,10,8
d773376e46311393cd89994bf9a93043	,1,0,0,0,1,0,1,0,0,0,1,0,0,1,0,1,0,0,0,0,1,3,1,1,2,1,3,0,3,8,6,11,6,3,6,14,10,7,7,10,3,10,7,4,11,25,10,12,6,8,9,2,8,3,17,2,7,9,8,11,7,11,11,15,5,8,3,5,20,3,15,15,12,6,0,7,3,5,14,16,9,5,8,8,3,4,9,7,17,11,6,5,14,6,5,7,3,14,7,9,15,3,10,5,7,5,7,7,18,7,5,3,3,11,8,7,3,6,5,4,7,0,15,7,2,5,10,6,11,8,5,3,10,19,1,3,8,6,4,6,11,7,3,0,2,14,2,7,6,9,4,3,6,3,2,19,7,5,3,5,3,10,11,4,3,8,8,7,6,4,8,1,2,9,6,6,19,12,8,13,1,4,7
d7a4372b813f555ee25352731e8df17e	,0,0,0,0,0,0,1,0,0,0,1,0,1,0,1,0,0,0,0,0,0,0,0,0,0,0,1,1,1,0,4,3,0,1,5,3,7,3,1,1,1,1,2,1,2,2,5,2,4,6,2,9,4,2,3,4,4,4,1,2,7,2,3,3,3,4,2,2,3,4,1,1,3,3,3,3,2,2,8,6,1,3,5,1,4,3,2,2,3,2,4,1,7,2,3,1,4,2,4,1,5,1,3,2,4,2,2,8,5,2,4,2,2,8,5,1,3,2,4,7,7,1,5,9,3,7,3,3,3,5,3,7,5,2,9,10,4,4,1,7,2,4,5,2,4,3,6,2,11,2,6,6,7,3,1,8,3,5,4,8,4,5,3,6,6,2,5,5,3,3,3,4,3,3,4,6,11,6,1,2,1,3,4
d8053444e331f15b1505e999d99887fb	,0,0,0,1,1,0,0,0,0,0,0,0,0,0,0,0,1,1,3,2,1,1,0,0,1,0,1,2,4,4,17,12,23,15,8,11,11,15,13,13,13,19,13,19,25,5,5,10,18,13,11,22,11,17,7,14,13,7,12,9,9,13,4,9,8,29,6,10,27,17,11,5,9,15,6,8,10,17,13,35,15,19,15,17,10,22,22,20,15,10,15,18,30,19,17,19,17,27,9,8,15,9,8,16,13,21,21,15,20,22,9,10,12,10,20,10,14,10,8,26,21,14,18,27,17,11,7,13,17,31,17,21,2,15,15,22,20,16,19,9,16,17,19,14,15,17,17,14,25,12,7,12,9,13,15,15,20,19,29,21,13,30,11,17,16,12,9,17,37,30,32,29,12,26,10,11,24,16,16,13,17,21,20
d8d0b093ffbb4435d4d4d1fbc8ed80c0	,0,0,0,0,0,1,0,0,0,0,0,1,0,0,0,0,1,1,0,0,0,0,1,0,0,0,0,0,1,0,3,4,2,3,3,0,5,1,5,1,4,1,1,1,2,5,1,6,3,3,2,3,4,1,2,1,1,0,2,1,0,1,2,1,2,2,3,5,1,1,5,2,0,1,0,5,3,1,0,2,3,0,2,5,3,0,4,1,2,1,0,3,0,1,2,3,1,1,4,3,0,3,8,1,1,1,2,1,1,5,2,4,0,2,2,3,7,5,3,4,3,5,7,1,2,3,5,3,5,0,0,0,3,13,3,1,4,1,4,2,2,1,3,7,2,2,3,3,1,1,3,2,3,3,1,2,2,2,3,2,2,2,8,1,10,2,1,1,5,1,2,2,6,2,4,2,3,3,2,0,4,4,1
e087f8842fe66efa5ccee42ff791e0ca	,0,0,5,0,0,0,0,0,0,0,0,1,0,0,0,0,0,0,0,0,0,0,0,0,0,0,0,1,0,1,1,0,1,0,3,0,2,4,0,0,0,2,1,0,1,2,0,3,0,2,0,0,3,0,0,3,0,4,2,4,1,0,0,0,3,1,2,1,0,0,2,0,2,3,1,3,1,0,0,3,0,6,2,1,1,5,5,2,4,2,7,0,3,1,1,6,2,2,2,7,5,3,0,1,0,1,4,1,4,0,7,1,2,2,0,1,5,0,1,1,3,5,1,3,1,1,9,0,1,2,2,1,5,1,0,1,2,2,1,2,1,0,2,1,1,1,5,2,0,0,2,0,1,1,1,0,7,1,3,0,0,0,1,0,4,4,0,1,0,0,1,1,0,1,21,1,1,1,6,0,6,5,0
e6e2fff03cc32ee9777de2c2ed5bac30	,0,2,0,0,0,2,0,0,0,0,0,1,0,0,0,0,0,1,0,0,0,1,0,0,0,0,0,1,0,0,0,3,2,3,2,1,1,1,0,1,2,1,1,2,2,1,1,1,1,3,1,4,3,5,2,2,0,0,8,6,0,3,1,1,1,3,1,2,2,3,0,0,1,2,4,3,7,3,2,3,0,2,1,3,0,4,0,3,0,0,4,1,1,3,4,3,5,3,4,3,3,7,0,2,4,3,2,5,3,1,1,2,2,2,1,4,3,1,6,1,3,2,7,3,2,3,8,5,2,2,3,1,2,3,8,1,3,2,1,3,2,1,0,3,0,3,7,1,2,1,2,4,4,2,0,6,4,6,3,2,4,5,2,5,4,2,4,6,6,4,5,4,4,4,2,4,4,4,2,1,1,7,3
f5a5373f30de984e9142a206f94a2f46	,0,0,0,0,0,1,0,0,0,0,0,1,0,0,0,0,0,0,0,1,0,0,0,0,0,1,0,1,1,1,1,1,3,2,2,1,0,4,2,4,1,3,5,3,1,2,1,2,4,5,2,2,6,3,3,2,0,5,7,2,0,2,4,1,1,3,4,3,4,1,5,3,5,2,3,3,5,3,1,1,1,3,0,3,4,3,5,5,3,3,2,0,0,4,2,2,1,3,1,1,3,2,3,3,1,1,5,3,1,3,1,2,3,4,2,1,3,3,4,7,4,9,2,2,2,1,1,7,3,3,4,5,5,2,1,4,3,6,4,5,1,1,2,4,11,1,3,6,2,5,2,3,4,5,1,4,6,5,1,3,3,3,4,8,6,4,3,6,5,3,5,5,4,5,7,3,1,4,4,4,1,13,5
f6e0f05fde7637afb8f8bc6bda74ca24	,0,2,0,0,0,0,0,0,0,0,0,0,0,0,0,0,0,0,0,0,0,0,0,0,0,0,0,1,4,1,2,2,1,4,5,2,5,0,0,4,2,0,2,3,3,4,1,3,4,0,1,4,2,1,2,3,1,1,4,2,1,1,4,2,0,1,3,2,7,4,7,3,5,4,3,0,2,2,2,2,0,1,3,4,2,2,2,3,11,8,1,2,0,0,2,2,3,1,3,0,1,7,0,7,2,2,1,3,3,3,1,1,5,0,6,1,2,6,1,6,7,6,1,1,1,2,5,1,0,6,2,2,2,1,3,1,4,4,5,1,4,4,5,4,2,2,1,1,7,2,3,4,3,2,2,3,0,4,3,2,0,4,3,1,1,4,1,3,6,0,1,1,4,1,2,1,3,1,1,0,1,7,4
fa1e6939f2a827f3521bfc29b54cc22e	,0,0,0,0,0,0,0,0,0,0,0,0,0,0,0,0,0,0,0,1,1,1,0,0,0,0,0,0,0,3,1,3,1,4,2,7,3,3,7,3,3,2,2,0,0,1,2,3,8,0,2,9,2,6,3,7,1,2,2,0,1,3,1,1,0,4,2,4,5,2,5,3,3,3,1,1,4,2,2,1,6,4,8,5,8,7,5,4,1,4,5,0,2,2,3,4,6,3,4,2,4,2,4,3,4,1,3,3,4,4,4,2,2,8,3,0,2,3,1,3,6,6,2,1,5,5,4,6,5,3,2,3,3,1,5,2,5,5,4,1,3,5,3,2,2,7,4,2,2,3,5,4,2,2,2,5,5,0,3,4,3,4,3,1,4,1,8,7,3,5,4,9,2,6,1,1,4,2,3,1,3,4,3
ffd47cf9cb66d226575336f0fa42ae25	,0,0,0,0,0,0,0,0,0,0,0,0,0,0,0,1,0,0,0,0,0,0,0,0,0,0,0,0,0,0,0,1,4,0,0,0,0,1,1,1,0,3,6,0,2,0,2,1,1,2,3,3,0,4,1,0,1,2,1,2,0,1,1,0,0,2,1,0,0,1,1,0,0,0,0,0,1,0,1,0,0,2,2,2,3,1,1,0,1,0,0,1,0,0,1,0,1,0,2,0,1,1,1,2,1,3,1,0,0,0,0,0,2,3,0,2,0,2,1,1,0,0,0,0,0,0,1,1,0,1,0,0,0,1,0,3,0,0,1,0,0,0,0,1,2,0,1,0,0,0,2,0,0,0,1,0,0,2,0,2,2,3,1,1,0,1,2,0,1,7,4,5,0,2,8,0,5,0,2,0,0,1,1
