023406156015ef87f99521f3b343f71f	,26,59,61,48,65,58,102,92,53,58,77,108,128,72,76,88,38,41,133,104,123,169,150,113,225,133,189,147,156,172,142,134,192,174,97,175,219,224,154,160,139,141,177,120,131,105,132,162,97,200,154,127,85,108,74,49,63,31,35,41,49,38,44,32,50,45,54,53,108,27,55,58,73,39,58,49,46,142,38,34,53,45,29,32,48,26,64,26,61,36,49,58,31,53,53,42,33,34,34,33,33,31,49,32,35,35,51,36,44,25,27,35,38,35,35,16,36,35,43,45,22,53,39,38,44,30,35,17,34,56,30,62,45,40,48,33,32,29,29,31,26,21,50,43,51,33,25,23,35,27,28,90,53,62,47,69,72,27,71,40,39,58,42,34,47,38,41,41,44,49,46,33,49,39,63,65,44,75,41,46,48,49,57
025943df23acf5d3863b35fa6e0d79ec	,22,20,31,107,17,11,52,11,16,13,23,33,49,81,18,71,62,35,7,21,32,19,86,20,13,24,25,19,19,26,26,48,51,32,16,28,39,68,24,12,31,82,60,78,57,56,58,92,30,52,37,52,22,20,22,43,21,40,50,32,68,10,23,90,36,57,27,22,42,131,42,8,9,20,52,41,35,43,13,38,52,33,29,33,37,29,39,128,47,15,23,67,31,84,24,43,24,19,20,25,79,31,25,22,72,17,20,19,26,15,23,68,22,55,27,30,56,14,26,30,18,25,15,23,27,23,47,26,28,26,23,9,24,24,19,24,12,23,20,20,30,20,15,40,25,18,45,74,48,24,22,25,87,79,75,51,85,60,51,44,43,43,16,24,34,15,49,23,31,25,40,33,20,61,20,21,55,40,31,38,54,41,92
03c6699ea836decbc5c8fc2dbae7bd3b	,55,34,42,1450,1809,502,388,253,387,384,788,781,463,397,445,385,630,833,1053,485,455,682,370,514,1388,2229,1551,961,1084,984,947,723,646,932,1027,657,664,598,832,342,308,195,187,308,281,64,135,125,100,240,48,172,109,96,67,134,128,219,108,117,201,234,131,131,176,141,134,182,148,91,85,192,112,87,110,253,118,151,134,61,106,193,85,365,123,199,87,106,109,118,186,91,112,94,96,25,129,87,57,116,66,91,249,70,97,84,166,272,288,150,76,198,125,116,68,78,109,146,199,135,169,124,139,117,60,177,73,50,173,122,129,108,98,75,81,268,164,95,52,80,106,128,111,73,77,80,34,208,87,220,82,135,64,158,270,72,88,57,43,73,83,107,136,67,171,124,95,104,101,168,96,79,67,60,44,115,58,38,70,75,96,54,72
099cd99056bf92e5f0e384465890a804	,179,152,229,214,280,219,321,188,327,205,193,224,236,277,218,171,126,159,144,194,135,312,159,183,172,214,173,134,188,213,206,106,143,127,146,214,154,112,106,112,101,106,122,263,304,322,200,137,197,168,130,141,154,120,158,186,201,123,115,196,139,118,112,146,155,110,140,172,96,136,114,110,127,106,163,134,111,135,130,140,142,134,145,127,174,133,149,144,113,97,119,133,112,128,112,86,88,106,144,268,106,130,126,123,108,116,147,129,145,160,129,207,151,142,115,95,119,110,126,164,128,137,196,146,147,176,214,139,131,111,395,346,407,215,173,180,150,182,132,120,159,118,625,598,194,146,152,133,195,300,202,209,175,129,143,272,129,127,128,121,170,239,131,97,96,97,140,142,111,163,167,161,160,272,233,218,158,187,175,207,193,170,176
0c80008b0a28d356026f4b1097041689	,23,25,13,21,13,8,9,41,30,16,13,16,55,26,21,62,32,30,47,78,41,43,21,24,20,29,35,33,31,27,20,33,50,22,20,58,28,47,33,18,60,40,36,35,38,49,30,39,48,41,56,24,36,18,29,61,47,32,26,38,24,35,29,42,38,42,45,25,31,28,35,51,73,56,66,70,44,45,47,51,45,51,41,91,49,93,28,15,45,30,62,66,39,31,35,48,43,48,41,43,35,30,43,47,45,53,37,25,30,35,33,52,34,27,30,28,36,47,42,28,42,44,40,29,57,37,50,53,38,60,64,33,34,36,57,43,22,20,27,32,136,33,37,43,38,20,23,23,80,31,42,26,38,42,24,41,13,31,30,32,69,42,39,40,32,22,27,32,30,94,30,67,38,30,23,34,78,76,117,83,134,50,70
1339f978614ff19cd48f07e5420556d4	,16,5,6,13,17,13,2,14,21,5,13,47,10,18,11,3,25,8,5,2,11,8,3,14,17,14,5,22,66,69,16,28,13,22,19,22,17,16,23,20,11,21,14,22,18,18,12,17,10,14,7,10,7,7,20,27,22,32,15,10,7,35,16,23,16,4,6,11,22,18,7,15,20,11,12,20,16,30,10,30,25,41,18,25,47,27,7,13,8,10,10,14,7,15,5,16,17,7,11,9,20,14,12,14,2,100,34,14,7,33,18,53,20,15,11,19,12,8,18,5,8,25,19,24,17,39,14,10,12,15,7,32,11,19,27,33,7,15,7,11,10,11,6,16,9,9,10,17,7,22,12,9,12,15,33,7,9,41,6,10,6,12,11,8,56,8,11,10,5,8,10,30,5,13,15,7,29,35,41,15,56,47,11
1731019fbaa825714d5f8e61ad1bb7ff	,7,14,23,23,5,62,26,18,74,23,10,25,18,18,13,19,77,107,42,45,36,92,90,184,166,110,142,152,191,199,166,101,76,82,72,67,101,51,55,89,36,64,53,68,52,63,65,54,70,63,48,59,91,63,34,40,35,79,49,98,53,56,50,71,44,40,42,37,50,50,59,42,39,92,100,56,33,59,40,25,92,25,33,42,37,44,77,66,124,68,113,82,58,94,87,97,91,93,105,66,50,68,50,48,47,51,40,76,41,52,87,65,66,52,50,37,54,33,47,59,32,37,37,66,66,62,46,46,38,48,58,28,53,64,42,62,54,50,45,49,44,57,38,41,61,46,44,37,47,34,77,36,30,95,53,33,32,49,40,63,64,77,35,47,128,52,52,37,41,53,62,111,153,135,99,74,62,40,55,68,46,54,154
25739ad1c56a511fcac86018ac4e49bb	,3,5,7,12,2,29,2,8,7,4,2,18,6,6,5,7,4,1,8,5,7,46,15,3,1,4,8,10,7,23,7,21,13,8,14,32,16,13,11,4,10,4,12,6,10,13,11,11,5,6,11,7,2,11,11,30,12,11,12,13,27,21,12,15,5,14,24,5,10,10,20,5,10,15,18,16,11,16,3,23,15,21,9,9,18,7,13,5,11,13,10,4,11,16,12,15,15,18,14,17,23,12,35,12,17,56,11,19,15,14,16,24,5,10,14,29,17,16,17,14,9,22,48,41,31,24,14,19,14,11,11,23,30,44,27,13,14,16,10,9,12,7,18,20,21,13,13,13,17,12,12,13,20,16,12,28,16,24,14,20,22,21,115,27,22,17,31,17,24,49,23,29,14,57,93,26,22,24,17,22,36,26,27
28e32be6ba67e0c6fdfdff80ce07dfd4	,5,14,7,3,4,14,10,7,10,27,44,32,27,35,30,42,87,72,99,93,73,61,53,18,35,20,23,40,29,32,40,20,24,32,42,53,24,32,19,31,28,27,21,78,8,24,29,31,33,44,13,34,31,12,16,28,28,20,30,34,16,71,19,22,22,19,28,17,28,18,39,37,20,19,42,35,23,29,36,13,11,25,11,11,15,40,9,8,12,14,15,14,20,3,10,21,14,25,24,39,19,32,16,16,19,20,12,13,16,9,16,14,20,27,12,33,13,19,18,17,21,14,7,11,42,67,37,6,33,25,10,21,99,10,19,25,12,61,12,18,34,41,20,20,16,17,23,6,20,18,15,10,22,8,33,53,14,23,12,82,23,27,22,18,19,17,30,9,13,19,12,11,8,11,14,31,18,22,7,15,17,6,10
2b7fedeea967becd9408b896de8ff903	,0,1,0,0,0,0,2,2,0,0,1,0,0,2,0,0,0,0,0,0,3,0,3,0,0,1,2,1,0,0,1,2,0,1,0,0,0,0,0,0,1,30,0,1,2,0,0,1,1,0,0,0,0,1,10,0,1,1,0,0,1,1,2,0,2,2,1,0,0,6,0,1,0,0,4,0,0,0,0,0,0,0,1,2,0,0,0,0,11,2,0,0,0,0,6,0,2,0,0,1,1,0,2,1,0,0,1,0,0,3,3,2,1,0,3,0,0,0,1,0,2,0,0,0,1,0,4,0,0,1,2,0,5,0,0,0,0,0,0,0,2,0,4,0,0,1,0,0,0,1,1,0,0,1,0,0,0,0,21,1,0,0,0,0,1,0,2,0,1,0,1,2,0,0,0,1,1,1,1,1,1,1,2
2e14d32266ee6b4678595f8f50c369ac	,343,275,299,358,227,337,327,308,445,337,275,290,375,306,452,557,513,263,282,234,310,446,362,366,418,381,559,519,591,1073,929,610,379,455,625,751,425,474,431,372,443,362,417,325,529,314,559,245,394,299,567,327,259,400,435,430,503,320,244,458,247,729,357,602,288,429,305,409,268,383,405,219,352,246,458,302,409,395,328,436,306,331,236,400,424,264,266,250,362,332,424,254,233,213,287,419,242,287,470,361,450,217,282,303,262,267,295,229,326,266,246,686,345,398,306,424,501,397,409,389,300,350,461,460,404,328,321,304,400,441,390,410,393,463,463,891,474,405,281,402,469,378,316,459,328,272,358,493,407,335,374,344,381,487,310,454,295,410,393,479,507,407,354,395,399,424,296,290,434,413,328,751,333,505,416,500,385,342,479,368,477,484,420
2ec1450a1389d4e3fc2a9a76c9378bb3	,86,55,106,43,121,39,171,48,53,33,46,149,289,805,1083,855,563,351,375,222,187,158,175,130,162,142,137,217,189,129,92,179,146,159,206,158,162,140,109,87,147,147,154,89,91,147,69,167,192,169,132,103,74,71,126,116,110,95,119,92,82,80,106,92,217,102,130,112,111,76,99,136,71,127,72,94,102,112,65,117,74,111,114,123,146,50,96,158,138,89,80,94,181,54,77,152,103,75,51,144,91,52,116,110,105,76,67,168,56,73,86,106,160,162,144,120,74,141,163,172,144,137,122,116,103,113,142,105,53,209,184,120,198,101,120,116,155,79,177,77,121,95,90,90,129,106,111,110,49,90,77,137,100,85,114,112,101,104,90,97,70,82,79,103,92,96,124,94,78,90,67,88,92,58,52,82,63,56,63,119,135,113,141
33fd0a2cfcfd24e114707bba71ca1de9	,23,14,27,24,16,10,16,22,22,58,24,30,42,34,23,25,15,29,22,29,28,22,24,20,26,23,32,10,25,36,20,18,22,27,18,39,22,28,24,20,26,45,28,18,32,19,19,29,30,30,27,30,28,25,50,47,29,18,34,23,21,29,34,36,19,13,51,28,18,21,20,33,30,43,42,134,37,26,11,37,24,66,39,45,30,25,19,14,56,24,31,35,31,13,25,34,19,37,18,31,18,28,16,14,21,26,7,14,20,33,31,20,15,24,9,21,18,31,24,22,30,20,24,25,50,17,23,24,26,32,32,32,26,32,56,17,36,21,13,36,30,16,21,25,30,30,32,14,26,50,26,26,18,16,11,16,21,18,46,20,16,31,17,24,31,10,15,20,30,45,16,16,25,30,16,28,39,28,61,70,87,26,33
34bc4bc49a725f2686a5cf9c89985798	,16,7,10,10,12,15,18,6,4,18,33,3,12,9,5,6,4,7,10,11,24,7,11,23,11,15,12,22,9,38,14,12,15,29,30,12,12,17,5,8,9,9,20,7,8,7,9,13,15,18,3,19,10,5,7,30,18,5,3,2,8,7,14,23,25,33,11,8,9,16,15,205,2,8,12,14,31,24,14,11,8,7,5,25,10,26,6,17,22,12,11,17,17,4,8,10,8,14,17,16,5,25,10,19,10,12,22,7,11,24,12,15,4,24,14,4,18,4,9,55,28,25,9,18,22,16,27,14,22,16,13,23,31,7,38,30,16,12,8,17,8,10,9,8,15,5,10,7,3,8,7,183,20,21,11,6,17,45,11,22,17,24,25,28,18,25,31,17,8,21,27,25,20,11,10,7,17,34,60,23,58,27,21
3964ee41d4e2ade1957a9135afe1b8dc	,92,100,170,56,135,128,80,77,78,49,27,55,69,62,57,47,58,42,45,54,58,90,91,53,44,77,186,106,195,74,62,73,92,68,124,99,62,52,28,95,80,114,121,42,85,49,42,53,85,79,99,62,63,81,82,80,85,48,57,58,46,108,71,62,168,54,77,68,47,65,44,78,41,52,65,52,81,80,45,99,101,83,61,95,223,88,134,144,95,140,138,81,69,117,55,51,74,57,94,98,84,75,57,64,55,57,57,50,73,69,58,116,87,73,46,67,85,59,79,174,82,53,108,93,63,74,73,92,77,184,52,57,71,50,52,138,48,50,168,61,573,178,70,45,79,77,90,97,54,69,187,42,90,178,51,50,40,67,45,55,53,30,67,64,101,59,102,51,53,121,63,149,60,52,74,56,61,124,103,92,75,80,69
3e395c6b799d3d8cb7cd501b4503b536	,93,158,120,211,176,147,110,162,157,122,109,140,232,358,212,199,205,132,167,139,155,147,108,114,125,128,155,134,88,172,124,116,172,125,178,338,181,209,246,191,85,144,145,98,210,128,83,91,133,98,130,112,152,112,216,87,153,214,113,91,87,87,171,142,205,105,82,115,128,129,196,148,120,281,322,284,174,149,102,181,146,130,101,312,231,142,131,202,144,94,87,90,80,106,87,137,97,102,94,135,108,156,149,114,213,129,144,143,189,211,288,97,137,83,94,122,115,113,141,186,112,81,506,420,420,286,493,335,145,180,100,94,170,115,279,238,184,116,97,196,163,96,113,155,116,141,168,97,123,171,108,135,92,99,109,184,88,137,65,66,335,344,175,248,158,124,109,128,124,93,84,140,71,92,141,191,85,87,108,146,251,81,104
40bbb0da5570702dd6ff3af5e9e3aea6	,74,133,65,71,69,57,55,58,118,69,58,123,92,72,111,54,64,127,92,124,96,113,63,94,132,66,96,99,69,98,90,108,105,183,99,212,97,81,51,146,89,88,71,73,72,74,95,76,72,81,70,74,65,100,154,55,110,58,62,109,122,72,107,85,66,62,72,78,64,58,94,71,67,79,78,84,99,111,93,85,106,150,95,113,84,100,120,87,102,92,77,97,77,70,96,103,55,64,119,75,102,113,84,79,56,67,55,149,46,81,64,119,76,121,52,70,54,96,95,98,98,107,64,130,65,98,86,76,44,77,126,114,70,101,93,102,70,139,64,59,85,224,129,72,70,70,65,86,66,65,61,82,71,91,96,51,123,75,107,99,100,79,70,75,107,82,97,56,92,81,121,64,85,93,116,158,112,77,161,100,111,178,110
445a257964b9689f115a69e8cc5dcb75	,31,8,4,4,33,20,9,10,13,13,8,13,14,5,8,9,7,4,3,7,12,16,8,9,7,10,8,4,28,20,3,9,6,5,8,7,15,7,11,6,7,11,7,14,10,4,5,5,8,27,16,7,30,7,36,11,11,8,4,5,10,8,267,232,115,59,48,10,13,23,21,21,14,19,41,25,10,23,22,8,11,14,14,34,27,20,95,16,41,65,148,182,134,176,104,77,84,93,102,74,53,77,87,53,64,52,57,36,48,48,30,45,32,29,23,28,49,25,50,17,9,16,39,40,25,33,25,12,17,23,12,19,23,25,10,15,10,10,10,11,158,18,13,30,23,23,35,37,29,26,37,7,22,34,14,17,17,11,15,8,18,18,21,13,6,10,9,10,26,58,21,14,54,22,40,22,16,11,9,18,19,13,23
4b8eb68442432c242e9242be040bacf9	,168,218,331,267,432,351,420,456,269,388,429,274,325,272,284,377,282,239,250,684,1209,1638,1015,710,403,1433,562,790,758,533,410,568,243,575,430,478,582,419,241,380,426,576,345,233,357,243,381,257,398,442,320,276,309,443,446,369,213,409,266,343,675,353,638,309,217,1429,476,410,201,397,290,266,271,487,426,325,783,3136,1282,895,683,652,506,878,699,467,562,392,507,1148,909,700,391,424,458,412,368,376,391,342,409,781,638,379,418,925,438,505,630,459,340,702,382,716,568,450,528,272,488,487,618,885,378,769,506,583,354,923,482,341,341,439,356,447,491,677,397,796,383,521,464,246,369,644,446,576,421,853,610,450,553,668,487,568,503,738,393,652,617,339,499,492,264,509,382,408,432,575,711,345,495,359,290,625,463,425,299,225,320,534,383,349,559
4ee3f9c90101073c99d5440b41f07daa	,4,4,15,2,26,8,3,5,0,0,3,11,3,20,1,5,6,2,6,2,6,16,2,3,3,2,2,6,6,1,15,1,6,6,8,6,7,2,5,4,12,0,5,6,8,0,3,0,11,3,6,1,3,3,9,15,5,4,2,2,4,6,3,6,1,5,4,5,0,1,6,0,7,1,4,8,12,8,4,2,2,3,5,8,2,4,1,2,7,4,3,3,9,2,7,4,6,6,1,3,3,3,2,7,11,7,1,1,3,2,4,15,4,2,2,1,4,7,1,3,2,3,5,2,6,6,5,4,13,7,7,1,3,1,10,6,3,3,4,6,2,3,3,2,1,2,7,2,0,1,1,5,3,11,5,8,11,5,6,4,9,11,4,21,2,2,3,14,4,7,1,13,3,4,10,5,2,8,13,11,25,3,6
4f3f68292e50f39cd8142733512c07d6	,75,67,40,43,61,37,48,55,69,68,97,51,28,46,37,45,41,47,32,49,91,44,103,54,32,68,96,91,43,46,116,41,59,180,74,78,267,123,113,52,53,106,51,34,64,34,75,87,94,117,63,62,45,38,54,54,120,40,59,32,61,52,102,71,50,63,83,96,95,87,51,154,56,55,67,85,64,134,145,53,63,57,74,88,95,59,88,56,97,62,111,78,162,60,52,104,52,70,102,60,128,46,44,37,69,113,53,61,67,69,64,119,39,44,64,81,98,61,72,72,47,80,53,46,64,80,62,59,82,103,121,118,150,65,67,143,72,80,82,51,93,68,89,84,102,92,97,71,86,48,63,78,43,77,137,58,49,70,130,58,96,59,96,82,82,40,71,62,46,66,46,49,60,54,66,57,46,67,171,46,72,81,82
53dd7de874e0999634c28cdd94d21257	,13,17,8,7,5,11,12,20,7,10,4,8,14,13,5,11,9,10,12,12,12,21,14,11,12,52,10,10,37,15,2,11,23,13,27,33,16,21,34,14,8,7,17,12,24,7,13,11,12,19,13,13,4,13,7,12,11,10,14,14,20,9,38,10,5,16,12,15,10,10,19,14,19,9,25,16,12,24,17,6,57,9,18,7,6,13,7,12,35,10,14,10,9,24,4,8,15,15,28,6,8,21,14,38,15,20,13,6,7,8,9,19,11,14,6,5,3,12,10,15,5,10,7,3,9,7,13,16,39,17,13,4,11,26,17,27,14,14,12,16,11,8,8,2,11,9,9,1,8,5,21,9,18,62,16,8,16,10,6,11,14,16,6,8,76,39,33,24,16,29,15,16,27,40,37,24,17,35,45,30,75,46,32
5e2ef5473cbbdb335f6d51dc57845437	,48,29,59,80,49,92,59,95,35,53,50,57,58,44,70,61,58,61,82,95,105,71,74,73,41,55,38,99,55,45,60,90,92,93,59,76,91,72,61,61,98,83,54,52,94,78,67,60,60,75,56,89,64,70,91,57,46,70,55,47,47,53,71,83,61,51,67,86,63,60,107,44,83,65,149,77,89,67,62,58,84,76,70,77,103,56,57,69,89,68,80,56,43,62,60,53,58,55,105,78,58,44,38,35,54,55,61,32,46,69,58,56,87,78,80,78,91,68,120,88,80,62,77,100,71,68,61,255,49,70,128,252,238,195,206,234,207,163,209,161,177,138,131,121,107,108,123,202,74,102,97,89,94,86,71,77,91,92,76,152,70,111,47,79,71,112,132,118,74,83,93,153,96,176,92,93,85,60,91,129,66,84,86
61dfd882204789d7d0f70fee2b901cef	,18,25,23,15,29,15,23,13,6,30,8,31,23,24,19,18,11,8,9,11,5,6,3,3,4,17,6,2,5,6,5,18,7,6,19,12,8,6,14,13,4,9,6,6,4,5,10,12,5,4,11,11,3,10,2,6,8,15,5,10,0,6,5,9,5,8,14,6,4,12,15,2,8,11,5,4,5,1,5,2,8,2,13,2,14,6,10,7,4,4,1,5,5,3,3,5,3,10,25,3,5,2,8,0,4,1,11,13,3,2,3,4,7,4,1,3,5,3,1,10,7,2,8,14,3,5,8,2,9,13,2,4,3,5,4,2,6,2,6,3,3,4,3,8,4,5,2,1,7,4,12,2,4,5,5,1,22,5,2,5,4,4,3,5,7,9,12,9,0,5,2,2,3,6,18,14,3,1,4,5,9,4,17
6a493121e53d83f9e119b02942d7c8fe	,67,47,29,28,45,29,82,34,31,32,22,30,24,29,25,17,19,36,17,26,28,31,56,28,28,60,41,42,27,37,20,45,35,43,37,38,60,20,37,37,39,59,52,26,25,27,42,38,46,56,49,44,76,34,23,71,56,38,45,43,49,36,118,30,17,29,61,44,58,91,48,44,60,36,52,37,45,42,45,28,39,34,43,43,46,57,32,41,46,27,56,56,52,65,77,35,31,39,69,42,40,41,25,30,49,36,43,38,39,40,51,60,43,34,34,29,36,26,45,50,37,46,38,42,54,49,54,37,29,35,33,47,40,84,72,120,34,88,38,41,45,41,27,37,26,27,30,33,23,32,25,37,22,35,49,33,23,37,19,23,58,43,27,30,27,31,52,28,43,25,39,29,28,18,56,39,39,46,85,46,108,32,19
6bb4c3bbdb6f5a96d643320c6b6005f5	,91,44,111,96,81,86,146,50,88,91,70,50,112,91,62,55,65,150,95,42,103,162,67,59,79,49,71,122,125,140,73,127,134,137,61,126,87,65,105,76,81,86,74,79,72,88,78,109,84,64,93,119,101,98,108,158,70,74,134,44,72,97,252,145,48,110,101,50,123,290,77,187,97,141,74,64,72,87,182,136,82,85,80,130,110,82,82,94,91,46,107,87,59,47,75,87,92,68,124,59,63,203,78,47,127,152,49,736,75,140,81,119,80,84,63,71,82,207,126,68,85,79,87,88,113,105,93,181,59,109,108,114,104,130,111,78,226,122,87,205,114,117,92,103,163,234,157,161,110,89,68,59,121,119,60,153,243,316,108,80,97,85,94,253,76,78,73,160,340,69,134,91,169,196,99,105,150,67,140,133,166,251,158
6f462b173b2d6d20a2c9fb1ec0fd2dda	,73,61,87,99,104,120,304,326,163,76,85,95,91,48,85,45,51,35,59,89,42,22,26,35,24,33,83,124,85,51,41,65,87,60,49,44,54,58,51,36,47,46,57,75,53,48,57,40,46,43,25,38,56,42,35,46,46,29,30,31,20,50,61,47,48,56,112,32,25,46,68,40,36,41,35,29,31,56,50,54,53,28,45,38,31,123,36,44,109,23,22,31,41,32,22,42,161,397,294,385,133,92,140,95,67,94,64,110,94,63,90,48,42,64,23,35,55,39,65,57,40,38,36,27,98,47,51,49,41,77,69,88,88,89,107,106,94,55,73,70,97,61,83,33,47,45,48,35,35,39,56,90,74,74,58,42,40,45,57,41,40,37,36,64,43,29,41,46,45,32,48,33,29,35,29,48,48,45,51,40,45,33,101
7e0db58c13d033dafe5f5e1e70ff7eb4	,263,176,76,203,67,132,140,90,93,152,179,163,104,200,86,115,181,73,79,154,126,105,77,246,195,136,224,116,107,329,164,109,151,87,129,159,249,149,74,169,71,160,117,131,184,208,147,140,238,204,224,282,183,132,189,130,248,247,115,187,121,276,107,155,124,117,169,105,181,96,175,122,102,181,166,86,178,122,202,158,164,166,126,140,107,114,140,201,124,117,152,141,194,187,115,127,140,208,180,164,87,106,121,100,167,210,176,92,181,140,129,127,156,155,109,151,226,137,175,219,264,151,111,220,97,106,125,181,203,311,214,87,114,188,204,220,157,54,116,165,77,104,94,182,85,148,181,91,143,83,157,93,126,131,93,102,75,85,234,65,128,129,71,186,153,85,183,87,172,49,94,152,61,103,155,95,163,96,140,68,116,178,137
82fda1f850a9fe22e41b5c8dadaff4ac	,27,16,31,42,126,16,25,62,51,19,96,18,15,96,19,12,57,43,10,66,81,17,63,19,163,140,50,23,41,116,68,36,37,96,61,22,26,28,52,21,12,131,67,13,38,34,21,29,15,43,30,10,39,47,44,29,89,21,27,17,32,50,73,18,14,50,20,69,16,19,21,29,19,13,34,132,36,47,11,33,8,10,32,17,59,20,30,14,12,20,51,47,22,15,22,28,18,20,83,31,40,41,24,8,20,24,32,45,30,44,75,16,32,19,118,81,24,24,33,17,15,28,21,62,58,88,12,12,105,11,37,29,106,23,11,24,24,62,35,36,27,18,28,19,21,44,26,26,72,48,126,23,20,17,35,23,14,12,18,40,73,105,11,28,22,36,26,17,11,15,27,29,15,16,31,20,18,12,23,17,33,17,35
8da51d03b8b8717431e8b902856fb45e	,105,52,94,118,113,68,46,82,72,137,92,81,119,109,152,81,80,76,48,62,89,107,70,34,60,73,109,80,115,400,107,80,103,154,133,200,116,105,83,74,131,82,79,111,62,119,88,102,104,121,87,126,91,129,82,64,80,77,86,91,76,91,103,122,118,85,202,125,98,86,85,79,119,270,285,289,159,184,154,119,114,118,111,155,130,90,171,123,121,126,84,120,91,140,68,90,98,86,97,167,143,183,165,116,166,94,79,82,74,114,73,64,79,171,111,98,87,149,107,113,89,101,103,62,155,123,107,109,101,133,92,99,141,147,88,81,94,142,90,90,140,140,74,82,72,82,79,71,119,76,76,107,97,76,60,66,117,78,108,73,83,112,153,110,148,89,114,108,125,90,90,114,84,122,142,124,182,86,85,76,81,89,112
8f29cbc2a555034643d66f9e83dd7a7a	,19,19,40,111,69,34,27,78,47,109,13,45,32,14,16,5,8,27,8,14,13,31,15,7,15,32,17,9,17,14,46,10,27,8,13,17,11,4,16,20,17,35,2,9,18,16,8,12,7,9,22,9,2,40,23,9,12,19,29,5,22,21,43,18,18,27,20,11,33,22,32,12,22,17,12,8,15,27,16,48,33,40,22,17,25,30,8,47,13,9,29,10,41,7,20,20,21,24,19,26,24,3,7,6,17,36,19,10,8,13,13,10,50,8,11,10,8,10,17,8,85,14,8,17,11,28,8,8,13,8,6,27,14,19,19,17,11,12,9,15,10,14,7,10,12,6,4,8,11,11,107,21,15,5,4,28,16,11,28,13,16,32,12,45,19,11,16,12,11,10,13,19,18,13,24,9,28,26,18,8,98,24,19
8fb3cef29f2c266af4c9ecef3b780e97	,67,75,71,92,65,89,64,100,71,44,51,108,107,89,81,105,78,91,91,161,139,144,112,72,108,148,172,93,161,123,102,135,137,140,190,203,167,109,154,85,121,78,184,124,74,109,109,114,140,95,106,102,88,90,94,101,140,104,109,131,169,148,193,241,168,139,116,102,148,157,120,104,168,174,111,175,137,142,137,150,114,148,111,192,158,186,149,133,93,96,115,136,139,99,100,113,134,101,97,118,140,90,101,99,98,87,110,94,90,103,51,63,57,156,110,72,114,78,69,91,101,134,86,115,89,75,89,75,63,69,303,303,304,321,294,237,215,137,137,127,133,131,140,160,132,529,1081,860,811,622,576,490,581,644,574,672,591,466,528,473,477,426,311,388,369,332,388,326,294,327,278,227,265,250,312,282,230,168,255,270,263,263,268
97de6333157f35467dff271d7afb0a23	,30,71,213,156,163,143,137,116,185,138,190,190,149,141,194,77,111,177,116,68,65,107,95,60,70,45,224,68,61,103,172,91,110,93,271,92,137,94,63,111,79,63,76,107,72,69,104,80,95,88,73,111,173,119,75,40,66,76,68,134,45,65,47,68,50,32,29,34,42,70,27,14,36,64,44,14,17,53,76,51,30,30,45,18,28,39,77,15,34,28,19,32,20,17,28,25,37,35,27,36,19,44,40,138,37,39,39,69,42,23,34,26,27,16,18,10,30,38,44,40,21,49,137,34,21,36,16,23,59,21,33,25,28,39,15,24,33,15,17,14,25,27,29,18,28,27,11,17,24,23,33,56,19,120,25,15,21,26,26,25,17,56,19,9,17,25,12,16,23,27,22,17,25,17,18,17,26,25,50,18,22,28,30
9e58afbf3fea116b0050bf56bfb4442e	,42,70,16,96,73,57,53,38,59,37,39,59,39,58,126,52,38,30,26,18,24,58,40,50,62,31,140,181,216,103,154,47,61,51,225,73,41,42,46,54,91,196,115,209,54,58,69,37,57,73,40,99,72,46,42,95,117,36,100,101,127,227,49,69,25,64,41,41,52,69,51,64,54,89,40,92,125,98,65,100,171,113,53,128,143,55,57,79,27,66,173,89,108,204,122,66,226,93,164,120,329,86,60,45,65,109,39,66,53,132,54,106,79,92,39,90,116,96,99,206,48,54,51,100,63,145,78,102,94,55,87,239,79,59,131,113,33,100,35,84,67,86,66,47,111,57,46,84,123,54,81,40,118,31,36,146,54,38,38,73,23,66,62,63,144,52,259,45,73,61,88,48,197,91,153,61,81,90,128,73,95,108,169
9f69ffd8852196e02cfa19b5cd9bc432	,42,9,4,7,18,4,28,8,23,12,5,21,17,23,22,9,9,7,25,13,36,9,4,7,24,11,17,19,26,17,32,28,18,22,39,31,30,34,8,8,17,10,11,12,14,9,11,18,15,22,14,15,11,18,8,25,24,14,11,6,7,21,19,17,37,32,20,13,20,12,26,10,17,5,15,7,28,9,12,13,21,3,12,9,17,10,23,20,25,10,21,25,13,7,15,14,8,16,14,16,17,17,8,11,13,7,18,15,18,17,12,7,13,6,11,8,22,33,19,12,25,24,56,18,25,21,28,10,25,29,24,30,17,23,24,34,37,23,33,37,24,24,28,28,16,12,14,15,24,30,20,9,24,31,30,27,34,17,34,45,20,48,31,39,70,35,26,40,32,22,30,40,54,46,37,45,30,29,30,32,42,84,59
ac43c6ce2f9df4adfbb05edd97cecbcc	,151,160,197,102,120,141,86,69,90,115,75,101,101,68,190,129,105,84,93,62,82,77,94,83,55,66,58,90,62,66,103,81,103,160,72,143,115,82,62,74,109,72,87,105,170,86,88,98,63,151,104,89,72,68,80,85,69,62,108,100,94,96,80,104,120,106,92,122,102,111,160,187,94,115,65,69,83,104,96,77,239,154,116,126,125,71,69,74,85,87,63,91,60,84,69,57,77,124,87,122,64,56,77,107,88,77,193,73,81,94,77,78,85,87,88,64,122,66,85,147,82,97,144,84,209,90,125,100,63,90,97,88,101,56,89,104,111,71,74,73,68,81,140,86,69,73,131,100,76,331,61,96,88,68,57,84,102,112,100,93,93,101,76,113,90,84,141,137,100,145,90,97,70,112,124,140,96,67,83,86,89,84,155
b6a175a48743caed6d035444c069ab64	,25,13,21,10,11,24,18,21,7,22,10,30,12,15,16,13,7,11,5,10,17,25,22,23,19,18,23,38,29,16,17,24,22,16,24,30,32,15,24,10,19,42,13,18,16,36,24,27,21,40,19,19,17,22,18,24,27,12,16,25,20,19,36,39,20,13,17,19,26,27,27,30,55,26,27,25,20,17,21,26,25,30,26,41,22,16,4,18,14,39,29,29,18,22,12,17,26,15,38,31,32,23,13,15,25,28,25,17,17,29,20,16,29,14,13,8,22,20,37,18,9,13,12,23,16,25,12,20,23,24,27,24,24,24,33,48,13,22,11,10,21,12,7,20,24,15,18,27,14,13,35,10,10,22,18,22,12,22,18,28,9,13,31,38,39,12,20,26,13,29,20,33,14,98,22,20,28,17,40,31,24,23,46
b7522cc91cf57ada15de2298bfd6a3ee	,73,98,76,70,69,59,63,41,62,99,32,43,39,39,49,122,62,28,79,69,45,59,38,45,69,65,93,32,70,43,44,44,71,37,43,36,49,43,52,48,33,34,73,70,50,48,78,45,75,66,75,46,65,35,33,40,37,41,32,35,45,33,28,24,22,47,39,35,77,40,52,37,57,275,344,284,118,167,74,73,85,75,95,66,130,138,56,73,71,73,46,43,48,38,48,51,35,51,49,60,35,29,37,22,41,46,35,67,43,42,38,36,26,53,35,37,32,56,94,44,35,49,40,35,45,58,171,40,62,46,28,40,65,305,43,42,45,43,34,39,70,50,37,37,39,97,221,114,100,82,71,140,89,101,63,62,84,65,76,99,63,77,29,72,68,147,61,42,67,58,49,45,61,73,85,53,35,37,53,46,61,52,51
be0c7a23c2aa9afb45163995b9ec938c	,77,55,89,52,78,36,41,51,27,47,40,39,50,52,81,82,27,46,72,41,90,83,51,56,31,42,51,87,58,134,47,107,64,72,62,48,63,51,59,87,112,83,64,43,46,34,87,142,99,54,44,80,89,100,70,46,49,74,108,43,98,88,51,58,37,168,134,144,97,85,104,72,60,89,153,132,106,84,90,86,271,115,75,91,87,69,53,47,102,85,67,100,35,50,48,100,498,598,533,433,369,140,184,84,219,174,153,203,284,87,216,60,66,82,84,54,91,65,73,139,85,82,87,102,71,115,70,70,74,105,103,50,94,79,35,69,77,57,64,117,65,233,146,63,49,82,76,79,75,98,69,63,86,78,57,85,97,65,63,50,175,129,104,217,75,56,96,175,151,97,103,96,69,99,73,87,83,108,88,95,130,49,112
bf21d16799b240d6e445fa30472bd50b	,5,1,3,5,6,0,5,2,7,1,4,1,0,5,2,5,4,3,1,1,3,5,5,7,3,0,0,11,6,0,5,9,6,1,4,4,1,2,1,2,2,3,1,2,4,1,2,4,2,6,2,24,5,3,2,2,2,3,0,1,3,4,1,1,2,1,1,1,2,12,2,0,3,4,2,4,1,6,3,3,3,3,3,9,8,4,3,5,5,3,1,3,4,6,18,8,10,3,3,5,1,2,6,5,3,1,2,1,1,4,4,1,5,1,3,0,6,2,1,0,5,3,6,7,0,0,2,0,6,1,2,2,1,4,1,1,2,2,1,3,3,5,3,5,2,2,3,2,1,3,8,1,0,2,1,1,7,1,0,0,3,3,4,3,2,7,5,4,2,1,1,6,1,1,3,3,1,0,2,4,9,2,4
c026b84e8f23a7741d9b670e3d8973f0	,42,58,37,41,34,41,36,35,40,30,32,25,36,26,72,75,28,26,38,54,42,26,24,39,32,26,32,38,56,24,41,29,38,37,33,45,44,26,45,38,40,66,25,55,80,48,101,29,40,42,26,83,30,34,59,57,47,53,28,34,28,43,42,110,75,28,36,102,108,182,123,82,85,103,97,76,70,56,77,41,52,47,65,84,53,104,41,39,23,43,52,78,30,25,36,24,43,52,43,53,33,71,42,30,59,42,35,21,30,82,50,52,32,30,37,41,46,27,58,45,45,29,28,67,54,51,35,42,67,40,40,34,41,43,45,50,59,38,41,35,48,85,69,498,918,1073,704,662,623,559,532,445,502,435,382,375,436,254,165,205,196,187,279,383,329,164,185,177,238,193,213,143,108,138,221,133,134,93,136,191,132,118,104
c5eac1d455675dfbc99f6c70f7b3971f	,3,2,6,4,3,2,3,33,11,63,40,59,36,62,4,16,1,2,3,4,1,0,0,0,3,0,7,1,9,87,10,6,19,4,240,2,8,7,7,1,29,1,15,19,35,9,26,12,7,51,31,6,13,10,6,11,3,3,4,0,1,7,2,4,4,13,5,2,3,24,1,2,2,1,4,11,52,5,1,4,15,34,6,0,1,26,45,2,9,1,17,0,23,2,5,4,0,3,4,65,2,4,3,2,8,9,1,4,2,10,6,4,13,5,15,18,13,5,5,5,9,3,12,12,5,10,10,14,35,18,8,32,122,24,2,9,1,4,0,4,31,12,50,1,13,5,103,12,2,5,10,39,3,2,9,2,251,2,3,9,178,0,0,3,11,7,18,27,4,0,3,3,4,2,2,5,1,15,5,167,12,23,17
c5f0170f87a2fbb17bf65dc858c745e2	,666,266,442,417,287,328,540,471,456,286,340,320,377,226,292,393,382,333,333,499,579,449,493,398,259,378,561,505,580,587,394,526,451,480,535,449,654,462,325,318,436,415,541,361,307,483,373,399,612,448,521,544,347,427,459,476,464,403,356,389,390,587,999,403,376,404,411,1339,844,942,847,793,872,579,686,832,506,463,398,407,876,479,604,449,501,346,535,346,551,446,532,479,538,460,379,553,498,693,823,598,450,439,491,380,553,635,450,565,587,551,405,814,527,588,438,363,737,562,433,442,687,612,511,820,814,621,665,706,623,652,1040,557,511,521,742,714,601,544,695,1513,1872,1109,994,1013,913,763,1706,1331,1129,838,690,992,604,955,463,433,405,607,419,623,479,458,428,546,513,765,419,452,462,673,670,347,485,617,681,574,526,436,435,545,684,668,602
ca6db6d4f02b7b946c57fc389e67dd7e	,18,36,15,27,24,32,13,100,26,20,17,23,51,31,23,13,25,13,109,22,25,17,23,13,7,21,17,14,20,31,32,10,10,28,12,12,34,37,41,16,26,53,19,28,18,32,44,38,31,40,34,67,57,45,35,47,32,26,27,30,19,25,19,34,21,53,16,19,24,26,17,24,34,12,51,23,42,13,13,9,26,36,39,58,22,9,26,56,36,26,32,31,18,25,30,27,42,13,28,50,36,69,59,32,29,55,58,24,27,51,61,35,24,28,35,55,38,47,48,35,58,59,67,26,67,73,85,34,34,36,27,88,88,48,44,38,64,44,54,71,60,54,35,84,80,85,66,124,58,44,37,69,41,107,71,33,51,67,59,48,49,58,74,134,100,53,58,54,56,132,151,119,43,146,57,176,79,63,89,51,52,36,55
d773376e46311393cd89994bf9a93043	,100,116,85,94,103,85,104,113,130,46,108,125,137,111,127,163,148,105,167,103,142,198,172,191,219,140,188,167,160,206,194,181,156,116,160,161,172,142,129,201,103,98,101,125,94,280,79,94,114,123,66,110,108,94,96,103,147,151,102,155,86,83,59,91,138,100,85,144,114,214,113,57,71,79,68,92,66,95,68,93,65,51,163,66,52,70,43,90,48,55,102,92,51,78,67,56,77,73,75,69,160,70,52,37,34,102,38,88,76,66,70,74,69,75,44,38,40,48,63,57,48,85,48,50,59,35,34,66,130,128,58,34,55,99,67,62,62,36,52,53,69,60,155,65,134,61,96,40,50,45,57,130,52,127,67,84,77,89,45,55,95,53,62,47,53,66,39,57,144,39,96,81,68,101,98,45,25,52,115,96,130,46,37
e087f8842fe66efa5ccee42ff791e0ca	,10,61,84,19,69,46,17,32,16,150,219,83,139,38,6,16,33,4,4,17,7,7,4,8,6,6,24,15,5,31,12,31,24,14,4,5,27,3,7,48,24,13,4,51,66,30,57,96,31,34,36,22,29,19,17,28,5,8,10,18,2,27,3,17,20,36,31,5,10,6,4,7,6,6,7,13,88,6,12,17,10,4,4,14,11,19,46,169,36,17,18,15,24,16,16,15,11,24,12,7,40,7,6,11,33,32,5,7,1,120,91,10,37,19,14,22,18,8,40,7,52,24,19,23,8,6,26,9,24,69,43,93,60,59,27,14,10,10,3,19,14,7,11,8,17,5,14,66,42,31,9,18,6,34,14,24,34,3,7,9,49,6,13,2,34,18,9,9,5,41,58,6,4,4,28,17,292,7,6,2,6,9,8
e6e2fff03cc32ee9777de2c2ed5bac30	,40,11,50,79,35,27,7,5,16,24,15,23,25,24,28,32,38,23,100,29,19,39,27,45,20,15,32,21,27,14,21,36,61,31,32,53,37,30,25,17,19,33,29,20,43,44,41,25,35,31,36,28,22,22,20,33,40,26,37,63,16,16,20,8,20,29,20,20,53,26,28,18,18,18,44,23,45,27,27,21,102,99,30,48,35,20,20,24,19,8,19,56,18,21,17,32,17,37,27,15,19,17,21,13,29,31,29,26,24,46,23,13,37,42,48,22,301,26,75,34,21,38,32,41,41,53,24,28,23,55,33,40,31,57,32,94,54,28,60,21,37,48,30,56,50,29,46,56,69,35,41,118,27,37,23,69,34,41,51,22,31,30,28,69,21,16,48,72,69,38,66,40,83,163,22,33,33,39,71,61,54,44,60
f5a5373f30de984e9142a206f94a2f46	,23,9,9,13,15,11,15,17,14,12,17,23,11,13,13,17,15,17,36,46,26,18,14,31,17,13,27,31,29,43,11,12,56,32,33,29,26,29,29,37,26,42,23,22,37,15,16,19,35,20,27,19,42,31,23,19,11,16,16,15,16,23,16,54,25,39,16,18,18,15,22,31,21,13,19,16,32,16,22,41,32,24,28,37,20,54,16,10,13,22,24,17,12,14,24,16,22,27,15,18,19,18,17,30,13,21,28,20,11,26,14,19,26,10,11,12,10,46,23,16,19,16,35,12,42,53,14,14,19,22,11,35,25,18,23,47,21,11,21,29,21,19,13,21,14,14,18,16,15,25,12,24,23,25,9,17,9,12,8,9,12,20,18,20,39,13,34,23,9,23,10,15,15,73,22,13,23,15,25,32,18,13,16
f6e0f05fde7637afb8f8bc6bda74ca24	,32,18,17,21,30,26,51,29,14,37,85,24,27,25,28,22,51,10,10,34,15,24,18,15,28,19,28,29,35,31,36,15,37,45,50,70,44,24,74,11,20,8,131,22,11,26,19,15,31,42,16,24,18,19,22,45,20,11,15,16,13,14,9,23,16,11,13,28,24,34,25,17,15,17,11,16,12,10,23,11,17,11,26,27,16,15,16,14,7,16,21,9,18,12,7,29,9,30,12,21,63,18,22,19,34,12,13,18,7,11,13,13,13,6,15,14,17,37,14,22,24,17,282,15,51,26,18,58,30,36,14,15,23,12,62,45,78,33,18,18,19,12,3,16,3,10,29,12,22,19,19,21,4,9,8,16,13,14,20,10,20,66,18,6,19,21,11,21,10,8,38,4,9,6,8,29,10,14,10,13,18,15,3
ffd47cf9cb66d226575336f0fa42ae25	,4,4,3,11,3,4,1,5,1,5,9,9,6,2,5,5,8,55,19,20,4,4,4,10,3,11,5,6,11,11,3,7,11,6,5,26,6,3,5,10,5,3,21,4,5,4,17,6,14,10,6,14,10,7,7,13,7,26,19,26,18,10,12,8,4,13,8,2,9,13,7,10,10,18,10,5,7,4,9,7,7,48,7,5,13,4,2,1,12,8,7,10,3,5,4,1,5,4,10,12,5,11,12,5,12,64,10,2,2,45,8,8,5,0,4,5,7,24,4,1,8,6,8,3,17,6,6,5,2,18,11,5,2,7,6,6,3,2,3,0,4,10,3,1,16,15,26,1,2,7,16,4,16,106,4,13,5,159,47,23,21,33,5,7,4,12,8,11,4,8,13,32,47,28,4,7,8,19,17,11,5,5,10
